9.40097
9.40190
9.40267
9.40348
9.40421
9.40487
9.40572
9.40687
9.40764
9.40865
9.40934
9.41004
9.41087
9.41207
9.41297
9.41385
9.41485
9.41556
9.41617
9.41721
9.41787
9.41850
9.41912
9.41978
9.42040
9.42103
9.42168
9.42269
9.42334
9.42396
9.42463
9.42523
9.42585
9.42651
9.42716
9.42820
9.42907
9.42968
9.43033
9.43100
9.43163
9.43232
9.43334
9.43401
9.43463
9.43528
9.43594
9.43655
9.43718
9.43782
9.43888
9.43952
9.44017
9.44078
9.44138
9.44206
9.44270
9.44335
9.44435
9.44499
9.44561
9.44627
9.44694
9.44770
9.44835
9.44901
9.45009
9.45071
9.45143
9.45212
9.45280
9.45342
9.45411
9.45515
9.45582
9.45648
9.45716
9.45782
9.45849
9.45921
9.46066
9.46137
9.46207
9.46281
9.46344
9.46408
9.46476
9.46579
9.46643
9.46712
9.46774
9.46839
9.46899
9.46962
9.47036
9.47147
9.47245
9.47316
9.47387
9.47461
9.47529
9.47631
9.47748
9.47814
9.47880
9.48004
9.48107
9.48220
9.48326
9.48391
9.48448
9.48506
9.48566
9.48622
9.48681
9.48745
9.48847
9.48908
9.48966
9.49029
9.49088
9.49150
9.49214
9.49279
9.49385
9.49450
9.49517
9.49577
9.49641
9.49704
9.49764
9.49829
9.49929
9.49992
9.50000
9.50000
9.50000
9.50000
9.50000
9.50000
9.50000
9.50000
9.50000
9.50000
9.50000
9.50000
9.50000
9.50000
9.50000
9.50000
9.50000
9.50000
9.50000
9.50000
9.50000
9.50000
9.50000
9.50000
9.50000
9.50000
9.50000
9.50000
9.50000
9.50000
9.50000
9.50000
9.50000
9.50000
9.50000
9.50000
9.50000
9.50000
9.50000
9.50000
9.50000
9.50000
9.50000
9.50000
9.50000
9.50000
9.50000
9.50000
9.50000
9.50000
9.50000
9.50000
9.50000
9.50000
9.50000
9.50000
9.50000
9.50000
9.50000
9.50000
9.50000
9.50000
9.50000
9.50000
9.50000
9.50000
9.50000
9.50000
9.50000
9.50000
9.50000
9.50000
9.50000
9.50000
9.50000
9.50000
9.50000
9.50000
9.50000
9.50000
9.50000
9.50000
9.50000
9.50000
9.50000
9.50000
9.50000
9.50000
9.50000
9.50000
9.50000
9.50000
9.50000
9.50000
9.50000
9.50000
9.50000
9.50000
9.50000
9.50000
9.50000
9.50000
9.50000
9.50000
9.50000
9.50000
9.50000
9.50000
9.50000
9.50000
9.50000
9.50000
9.50000
9.50000
9.50000
9.50000
9.50000
9.50000
9.50000
9.50000
9.50000
9.50000
9.50000
9.50000
9.50000
9.50000
9.50000
9.50000
9.50000
9.50000
9.50000
9.50000
9.50000
9.50000
9.50000
9.50000
9.50000
9.50000
9.50000
9.50000
9.50000
9.50000
9.50000
9.50000
9.50000
9.50000
9.50000
9.50000
9.50000
9.50000
9.50000
9.50000
9.50000
9.50000
9.50000
9.50000
9.50000
9.50000
9.50000
9.50000
9.50000
9.50000
9.50000
9.50000
9.50000
9.50000
9.50000
9.50000
9.50000
9.50000
9.50000
9.50000
9.50000
9.50000
9.50000
9.50000
9.50000
9.50000
9.50000
9.50000
9.50000
9.50000
9.50000
9.50000
9.50000
9.50000
9.50000
9.50000
9.50000
9.50000
9.50000
9.50000
9.50000
9.50000
9.50000
9.50000
9.50000
9.50000
9.50000
9.50000
9.50000
9.50000
9.50000
9.50000
9.50000
9.50000
9.50000
9.50000
9.50000
9.50000
9.50000
9.50000
9.50000
9.50000
9.50000
9.50000
9.50000
9.50000
9.50000
9.50000
9.50000
9.50000
9.50000
9.50000
9.50000
9.50000
9.50000
9.50000
9.50000
9.50000
9.50000
9.50000
9.50000
9.50000
9.50000
9.50000
9.50000
9.50000
9.50000
9.50000
9.50000
9.50000
9.50000
9.50000
9.50000
9.50000
9.50000
9.50000
9.50000
9.50000
9.50000
9.50000
9.50000
9.50000
9.50000
9.50000
9.50000
9.50000
9.50000
9.50000
9.50000
9.50000
9.50000
9.50000
9.50000
9.50000
9.50000
9.50000
9.50000
9.50000
9.50000
9.50000
9.50000
9.50000
9.50000
9.50000
9.50000
9.50000
9.50000
9.50000
9.50000
9.50000
9.50000
9.50000
9.50000
9.50000
9.50000
9.50000
9.50000
9.50000
9.50000
9.50000
9.50000
9.50000
9.50000
9.50000
9.50000
9.50000
9.50000
9.50000
9.50000
9.50000
9.50000
9.50000
9.50000
9.50000
9.50000
9.50000
9.50000
9.50000
9.50000
9.50000
9.50000
9.50000
9.50000
9.50000
9.50000
9.50000
9.50000
9.50000
9.50000
9.50000
9.50000
9.50000
9.50000
9.50000
9.50000
9.50000
9.50000
9.50000
9.50000
9.50000
9.50000
9.50000
9.50000
9.50000
9.50000
9.50000
9.50000
9.50000
9.50000
9.50000
9.50000
9.50000
9.50000
9.50000
9.50000
9.50000
9.50000
9.50000
9.50000
9.50000
9.50000
9.50000
9.50000
9.50000
9.50000
9.50000
9.50000
9.50000
9.50000
9.50000
9.50000
9.50000
9.50000
9.50000
9.50000
9.50000
9.50000
9.50000
9.50000
9.50000
9.50000
9.50000
9.50000
9.50000
9.50000
9.50000
9.50000
9.50000
9.50000
9.50000
9.50000
9.50000
9.50000
9.50000
9.50000
9.50000
9.50000
9.50000
9.50000
9.50000
9.50000
9.50000
9.50000
9.50000
9.50000
9.50000
9.50000
9.50000
9.50000
9.50000
9.50000
9.50000
9.50000
9.50000
9.50000
9.50000
9.50000
9.50000
9.50000
9.50000
9.50000
9.50000
9.50000
9.50000
9.50000
9.50000
9.50000
9.50000
9.50000
9.50000
9.50000
9.50000
9.50000
9.50000
9.50000
9.50000
9.50000
9.50000
9.50000
9.50000
9.50000
9.50000
9.50000
9.50000
9.50000
9.50000
9.50000
9.50000
9.50000
9.50000
9.50000
9.50000
9.50000
9.50000
9.50000
9.50000
9.50000
9.50000
9.50000
9.50000
9.50000
9.50000
9.50000
9.50000
9.50000
9.50000
9.50000
9.50000
9.50000
9.50000
9.50000
9.50000
9.50000
9.50000
9.50000
9.50000
9.50000
9.50000
9.50000
9.50000
9.50000
9.50000
9.50000
9.50000
9.50000
9.50000
9.50000
9.50000
9.50000
9.50000
9.50000
9.50000
9.50000
9.50000
9.50000
9.50000
9.50000
9.50000
9.50000
9.50000
9.50000
9.50000
9.50000
9.50000
9.50000
9.50000
9.50000
9.50000
9.50000
9.50000
9.50000
9.50000
9.50000
9.50000
9.50000
9.50000
9.50000
9.50000
9.50000
9.50000
9.50000
9.50000
9.50000
9.50000
9.50000
9.50000
9.50000
9.50000
9.50000
9.50000
9.50000
9.50000
9.50000
9.50000
9.50000
9.50000
9.50000
9.50000
9.50000
9.50000
9.50000
9.50000
9.50000
9.50000
9.50000
9.50000
9.50000
9.50000
9.50000
9.50000
9.50000
9.50000
9.50000
9.50000
9.50000
9.50000
9.50000
9.50000
9.50000
9.50000
9.50000
9.50000
9.50000
9.50000
9.50000
9.50000
9.50000
9.50000
9.50000
9.50000
9.50000
9.50000
9.50000
9.50000
9.50000
9.50000
9.50000
9.50000
9.50000
9.50000
9.50000
9.50000
9.50000
9.50000
9.50000
9.50000
9.50000
9.50000
9.50000
9.50000
9.50000
9.50000
9.50000
9.50000
9.50000
9.50000
9.50000
9.50000
9.50000
9.50000
9.50000
9.50000
9.50000
9.50000
9.50000
9.50000
9.50000
9.50000
9.50000
9.50000
9.50000
9.50000
9.50000
9.50000
9.50000
9.50000
9.50000
9.50000
9.50000
9.50000
9.50000
9.50000
9.50000
9.50000
9.50000
9.50000
9.50000
9.50000
9.50000
9.50000
9.50000
9.50000
9.50000
9.50000
9.50000
9.50000
9.50000
9.50000
9.50000
9.50000
9.50000
9.50000
9.50000
9.50000
9.50000
9.50000
9.50000
9.50000
9.50000
9.50000
9.50000
9.50000
9.50000
9.50000
9.50000
9.50000
9.50000
9.50000
9.50000
9.50000
9.50000
9.50000
9.50000
9.50000
9.50000
9.50000
9.50000
9.50000
9.50000
9.50000
9.50000
9.50000
9.50000
9.50000
9.50000
9.50000
9.50000
9.50000
9.50000
9.50000
9.50000
9.50000
9.50000
9.50000
9.50000
9.50000
9.50000
9.50000
9.50000
9.50000
9.50000
9.50000
9.50000
9.50000
9.50000
9.50000
9.50000
9.50000
9.50000
9.50000
9.50000
9.50000
9.50000
9.50000
9.50000
9.50000
9.50000
9.50000
9.50000
9.50000
9.50000
9.50000
9.50000
9.50000
9.50000
9.50000
9.50000
9.50000
9.50000
9.50000
9.50000
9.50000
9.50000
9.50000
9.50000
9.50000
9.50000
9.50000
9.50000
9.50000
9.50000
9.50000
9.50000
9.50000
9.50000
9.50000
9.50000
9.50000
9.50000
9.50000
9.50000
9.50000
9.50000
9.50000
9.50000
9.50000
9.50000
9.50000
9.50000
9.50000
9.50000
9.50000
9.50000
9.50000
9.50000
9.50000
9.50000
9.50000
9.50000
9.50000
9.50000
9.50000
9.50000
9.50000
9.50000
9.50000
9.50000
9.50000
9.50000
9.50000
9.50000
9.50000
9.50000
9.50000
9.50000
9.50000
9.50000
9.50000
9.50000
9.50000
9.50000
9.50000
9.50000
9.50000
9.50000
9.50000
9.50000
9.50000
9.50000
9.50000
9.50000
9.50000
9.50000
9.50000
9.50000
9.50000
9.50000
9.50000
9.50000
9.50000
9.50000
9.50000
9.50000
9.50000
9.50000
9.50000
9.50000
9.50000
9.50000
9.50000
9.50000
9.50000
9.50000
9.50000
9.50000
9.50000
9.50000
9.50000
9.50000
9.50000
9.50000
9.50000
9.50000
9.50000
9.50000
9.50000
9.50000
9.50000
9.50000
9.50000
9.50000
9.50000
9.50000
9.50000
9.50000
9.50000
9.50000
9.50000
9.50000
9.50000
9.50000
9.50000
9.50000
9.50000
9.50000
9.50000
9.50000
9.50000
9.50000
9.50000
9.50000
9.50000
9.50000
9.50000
9.50000
9.50000
9.50000
9.50000
9.50000
9.50000
9.50000
9.50000
9.50000
9.50000
9.50000
9.50000
9.50000
9.50000
9.50000
9.50000
9.50000
9.50000
9.50000
9.50000
9.50000
9.50000
9.50000
9.50000
9.50000
9.50000
9.50000
9.50000
9.50000
9.50000
9.50000
9.50000
9.50000
9.50000
9.50000
9.50000
9.50000
9.50000
9.50000
9.50000
9.50000
9.50000
9.50000
9.50000
9.50000
9.50000
9.50000
9.50000
9.50000
9.50000
9.50000
9.50000
9.50000
9.50000
9.50000
9.50000
9.50000
9.50000
9.50000
9.50000
9.50000
9.50000
9.50000
9.50000
9.50000
9.50000
9.50000
9.50000
9.50000
9.50000
9.50000
9.50000
9.50000
9.50000
9.50000
9.50000
9.50000
9.50000
9.50000
9.50000
9.50000
9.50000
9.50000
9.50000
9.50000
9.50000
9.50000
9.50000
9.50000
9.50000
9.50000
9.50000
9.50000
9.50000
9.50000
9.50000
9.50000
9.50000
9.50000
9.50000
9.50000
9.50000
9.50000
9.50000
9.50000
9.50000
9.50000
9.50000
9.50000
9.50000
9.50000
9.50000
9.50000
9.50000
9.50000
9.50000
9.50000
9.50000
9.50000
9.50000
9.50000
9.50000
9.50000
9.50000
9.50000
9.50000
9.50000
9.50000
9.50000
9.50000
9.50000
9.50000
9.50000
9.50000
9.50000
9.50000
9.50000
9.50000
9.50000
9.50000
9.50000
9.50000
9.50000
9.50000
9.50000
9.50000
9.50000
9.50000
9.50000
9.50000
9.50000
9.50000
9.50000
9.50000
9.50000
9.50000
9.50000
9.50000
9.50000
9.50000
9.50000
9.50000
9.50000
9.50000
9.50000
9.50000
9.50000
9.50000
9.50000
9.50000
9.50000
9.50000
9.50000
9.50000
9.50000
9.50000
9.50000
9.50000
9.50000
9.50000
9.50000
9.50000
9.50000
9.50000
9.50000
9.50000
9.50000
9.50000
9.50000
9.50000
9.50000
9.50000
9.50000
9.50000
9.50000
9.50000
9.50000
9.50000
9.50000
9.50000
9.50000
9.50000
9.50000
9.50000
9.50000
9.50000
9.50000
9.50000
9.50000
9.50000
9.50000
9.50000
9.50000
9.50000
9.50000
9.50000
9.50000
9.50000
9.50000
9.50000
9.50000
9.50000
9.50000
9.50000
9.50000
9.50000
9.50000
9.50000
9.50000
9.50000
9.50000
9.50000
9.50000
9.50000
9.50000
9.50000
9.50000
9.50000
9.50000
9.50000
9.50000
9.50000
9.50000
9.50000
9.50000
9.50000
9.50000
9.50000
9.50000
9.50000
9.50000
9.50000
9.50000
9.50000
9.50000
9.50000
9.50000
9.50000
9.50000
9.50000
9.50000
9.50000
9.50000
9.50000
9.50000
9.50000
9.50000
9.50000
9.50000
9.50000
9.50000
9.50000
9.50000
9.50000
9.50000
9.50000
9.50000
9.50000
9.50000
9.50000
9.50000
9.50000
9.50000
9.50000
9.50000
9.50000
9.50000
9.50000
9.50000
9.50000
9.50000
9.50000
9.50000
9.50000
9.50000
9.50000
9.50000
9.50000
9.50000
9.50000
9.50000
9.50000
9.50000
9.50000
9.50000
9.50000
9.50000
9.50000
9.50000
9.50000
9.50000
9.50000
9.50000
9.50000
9.50000
9.50000
9.50000
9.50000
9.50000
9.50000
9.50000
9.50000
9.50000
9.50000
9.50000
9.50000
9.50000
9.50000
9.50000
9.50000
9.50000
9.50000
9.50000
9.50000
9.50000
9.50000
9.50000
9.50000
9.50000
9.50000
9.50000
9.50000
9.50000
9.50000
9.50000
9.50000
9.50000
9.50000
9.50000
9.50000
9.50000
9.50000
9.50000
9.50000
9.50000
9.50000
9.50000
9.50000
9.50000
9.50000
9.50000
9.50000
9.50000
9.50000
9.50000
9.50000
9.50000
9.50000
9.50000
9.50000
9.50000
9.50000
9.50000
9.50000
9.50000
9.50000
9.50000
9.50000
9.50000
9.50000
9.50000
9.50000
9.50000
9.50000
9.50000
9.50000
9.50000
9.50000
9.50000
9.50000
9.50000
9.50000
9.50000
9.50000
9.50000
9.50000
9.50000
9.50000
9.50000
9.50000
9.50000
9.50000
9.50000
9.50000
9.50000
9.50000
9.50000
9.50000
9.50000
9.50000
9.50000
9.50000
9.50000
9.50000
9.50000
9.50000
9.50000
9.50000
9.50000
9.50000
9.50000
9.50000
9.50000
9.50000
9.50000
9.50000
9.50000
9.50000
9.50000
9.50000
9.50000
9.50000
9.50000
9.50000
9.50000
9.50000
9.50000
9.50000
9.50000
9.50000
9.50000
9.50000
9.50000
9.50000
9.50000
9.50000
9.50000
9.50000
9.50000
9.50000
9.50000
9.50000
9.50000
9.50000
9.50000
9.50000
9.50000
9.50000
9.50000
9.50000
9.50000
9.50000
9.50000
9.50000
9.50000
9.50000
9.50000
9.50000
9.50000
9.50000
9.50000
9.50000
9.50000
9.50000
9.50000
9.50000
9.50000
9.50000
9.50000
9.50000
9.50000
9.50000
9.50000
9.50000
9.50000
9.50000
9.50000
9.50000
9.50000
9.50000
9.50000
9.50000
9.50000
9.50000
9.50000
9.50000
9.50000
9.50000
9.50000
9.50000
9.50000
9.50000
9.50000
9.50000
9.50000
9.50000
9.50000
9.50000
9.50000
9.50000
9.50000
9.50000
9.50000
9.50000
9.50000
9.50000
9.50000
9.50000
9.50000
9.50000
9.50000
9.50000
9.50000
9.50000
9.50000
9.50000
9.50000
9.50000
9.50000
9.50000
9.50000
9.50000
9.50000
9.50000
9.50000
9.50000
9.50000
9.50000
9.50000
9.50000
9.50000
9.50000
9.50000
9.50000
9.50000
9.50000
9.50000
9.50000
9.50000
9.50000
9.50000
9.50000
9.50000
9.50000
9.50000
9.50000
9.50000
9.50000
9.50000
9.50000
9.50000
9.50000
9.50000
9.50000
9.50000
9.50000
9.50000
9.50000
9.50000
9.50000
9.50000
9.50000
9.50000
9.50000
9.50000
9.50000
9.50000
9.50000
9.50000
9.50000
9.50000
9.50000
9.50000
9.50000
9.50000
9.50000
9.50000
9.50000
9.50000
9.50000
9.50000
9.50000
9.50000
9.50000
9.50000
9.50000
9.50000
9.50000
9.50000
9.50000
9.50000
9.50000
9.50000
9.50000
9.50000
9.50000
9.50000
9.50000
9.50000
9.50000
9.50000
9.50000
9.50000
9.50000
9.50000
9.50000
9.50000
9.50000
9.50000
9.50000
9.50000
9.50000
9.50000
9.50000
9.50000
9.50000
9.50000
9.50000
9.50000
9.50000
9.50000
9.50000
9.50000
9.50000
9.50000
9.50000
9.50000
9.50000
9.50000
9.50000
9.50000
9.50000
9.50000
9.50000
9.50000
9.50000
9.50000
9.50000
9.50000
9.50000
9.50000
9.50000
9.50000
9.50000
9.50000
9.50000
9.50000
9.50000
9.50000
9.50000
9.50000
9.50000
9.50000
9.50000
9.50000
9.50000
9.50000
9.50000
9.50000
9.50000
9.50000
9.50000
9.50000
9.50000
9.50000
9.50000
9.50000
9.50000
9.50000
9.50000
9.50000
9.50000
9.50000
9.50000
9.50000
9.50000
9.50000
9.50000
9.50000
9.50000
9.50000
9.50000
9.50000
9.50000
9.50000
9.50000
9.50000
9.50000
9.50000
9.50000
9.50000
9.50000
9.50000
9.50000
9.50000
9.50000
9.50000
9.50000
9.50000
9.50000
9.50000
9.50000
9.50000
9.50000
9.50000
9.50000
9.50000
9.50000
9.50000
9.50000
9.50000
9.50000
9.50000
9.50000
9.50000
9.50000
9.50000
9.50000
9.50000
9.50000
9.50000
9.50000
9.50000
9.50000
9.50000
9.50000
9.50000
9.50000
9.50000
9.50000
9.50000
9.50000
9.50000
9.50000
9.50000
9.50000
9.50000
9.50000
9.50000
9.50000
9.50000
9.50000
9.50000
9.50000
9.50000
9.50000
9.50000
9.50000
9.50000
9.50000
9.50000
9.50000
9.50000
9.50000
9.50000
9.50000
9.50000
9.50000
9.50000
9.50000
9.50000
9.50000
9.50000
9.50000
9.50000
9.50000
9.50000
9.50000
9.50000
9.50000
9.50000
9.50000
9.50000
9.50000
9.50000
9.50000
9.50000
9.50000
9.50000
9.50000
9.50000
9.50000
9.50000
9.50000
9.50000
9.50000
9.50000
9.50000
9.50000
9.50000
9.50000
9.50000
9.50000
9.50000
9.50000
9.50000
9.50000
9.50000
9.50000
9.50000
9.50000
9.50000
9.50000
9.50000
9.50000
9.50000
9.50000
9.50000
9.50000
9.50000
9.50000
9.50000
9.50000
9.50000
9.50000
9.50000
9.50000
9.50000
9.50000
9.50000
9.50000
9.50000
9.50000
9.50000
9.50000
9.50000
9.50000
9.50000
9.50000
9.50000
9.50000
9.50000
9.50000
9.50000
9.50000
9.50000
9.50000
9.50000
9.50000
9.50000
9.50000
9.50000
9.50000
9.50000
9.50000
9.50000
9.50000
9.50000
9.50000
9.50000
9.50000
9.50000
9.50000
9.50000
9.50000
9.50000
9.50000
9.50000
9.50000
9.50000
9.50000
9.50000
9.50000
9.50000
9.50000
9.50000
9.50000
9.50000
9.50000
9.50000
9.50000
9.50000
9.50000
9.50000
9.50000
9.50000
9.50000
9.50000
9.50000
9.50000
9.50000
9.50000
9.50000
9.50000
9.50000
9.50000
9.50000
9.50000
9.50000
9.50000
9.50000
9.50000
9.50000
9.50000
9.50000
9.50000
9.50000
9.50000
9.50000
9.50000
9.50000
9.50000
9.50000
9.50000
9.50000
9.50000
9.50000
9.50000
9.50000
9.50000
9.50000
9.50000
9.50000
9.50000
9.50000
9.50000
9.50000
9.50000
9.50000
9.50000
9.50000
9.50000
9.50000
9.50000
9.50000
9.50000
9.50000
9.50000
9.50000
9.50000
9.50000
9.50000
9.50000
9.50000
9.50000
9.50000
9.50000
9.50000
9.50000
9.50000
9.50000
9.50000
9.50000
9.50000
9.50000
9.50000
9.50000
9.50000
9.50000
9.50000
9.50000
9.50000
9.50000
9.50000
9.50000
9.50000
9.50000
9.50000
9.50000
9.50000
9.50000
9.50000
9.50000
9.50000
9.50000
9.50000
9.50000
9.50000
9.50000
9.50000
9.50000
9.50000
9.50000
9.50000
9.50000
9.50000
9.50000
9.50000
9.50000
9.50000
9.50000
9.50000
9.50000
9.50000
9.50000
9.50000
9.50000
9.50000
9.50000
9.50000
9.50000
9.50000
9.50000
9.50000
9.50000
9.50000
9.50000
9.50000
9.50000
9.50000
9.50000
9.50000
9.50000
9.50000
9.50000
9.50000
9.50000
9.50000
9.50000
9.50000
9.50000
9.50000
9.50000
9.50000
9.50000
9.50000
9.50000
9.50000
9.50000
9.50000
9.50000
9.50000
9.50000
9.50000
9.50000
9.50000
9.50000
9.50000
9.50000
9.50000
9.50000
9.50000
9.50000
9.50000
9.50000
9.50000
9.50000
9.50000
9.50000
9.50000
9.50000
9.50000
9.50000
9.50000
9.50000
9.50000
9.50000
9.50000
9.50000
9.50000
9.50000
9.50000
9.50000
9.50000
9.50000
9.50000
9.50000
9.50000
9.50000
9.50000
9.50000
9.50000
9.50000
9.50000
9.50000
9.50000
9.50000
9.50000
9.50000
9.50000
9.50000
9.50000
9.50000
9.50000
9.50000
9.50000
9.50000
9.50000
9.50000
9.50000
9.50000
9.50000
9.50000
9.50000
9.50000
9.50000
9.50000
9.50000
9.50000
9.50000
9.50000
9.50000
9.50000
9.50000
9.50000
9.50000
9.50000
9.50000
9.50000
9.50000
9.50000
9.50000
9.50000
9.50000
9.50000
9.50000
9.50000
9.50000
9.50000
9.50000
9.50000
9.50000
9.50000
9.50000
9.50000
9.50000
9.50000
9.50000
9.50000
9.50000
9.50000
9.50000
9.50000
9.50000
9.50000
9.50000
9.50000
9.50000
9.50000
9.50000
9.50000
9.50000
9.50000
9.50000
9.50000
9.50000
9.50000
9.50000
9.50000
9.50000
9.50000
9.50000
9.50000
9.50000
9.50000
9.50000
9.50000
9.50000
9.50000
9.50000
9.50000
9.50000
9.50000
9.50000
9.50000
9.50000
9.50000
9.50000
9.50000
9.50000
9.50000
9.50000
9.50000
9.50000
9.50000
9.50000
9.50000
9.50000
9.50000
9.50000
9.50000
9.50000
9.50000
9.50000
9.50000
9.50000
9.50000
9.50000
9.50000
9.50000
9.50000
9.50000
9.50000
9.50000
9.50000
9.50000
9.50000
9.50000
9.50000
9.50000
9.50000
9.50000
9.50000
9.50000
9.50000
9.50000
9.50000
9.50000
9.50000
9.50000
9.50000
9.50000
9.50000
9.50000
9.50000
9.50000
9.50000
9.50000
9.50000
9.50000
9.50000
9.50000
9.50000
9.50000
9.50000
9.50000
9.50000
9.50000
9.50000
9.50000
9.50000
9.50000
9.50000
9.50000
9.50000
9.50000
9.50000
9.50000
9.50000
9.50000
9.50000
9.50000
9.50000
9.50000
9.50000
9.50000
9.50000
9.50000
9.50000
9.50000
9.50000
9.50000
9.50000
9.50000
9.50000
9.50000
9.50000
9.50000
9.50000
9.50000
9.50000
9.50000
9.50000
9.50000
9.50000
9.50000
9.50000
9.50000
9.50000
9.50000
9.50000
9.50000
9.50000
9.50000
9.50000
9.50000
9.50000
9.50000
9.50000
9.50000
9.50000
9.50000
9.50000
9.50000
9.50000
9.50000
9.50000
9.50000
9.50000
9.50000
9.50000
9.50000
9.50000
9.50000
9.50000
9.50000
9.50000
9.50000
9.50000
9.50000
9.50000
9.50000
9.50000
9.50000
9.50000
9.50000
9.50000
9.50000
9.50000
9.50000
9.50000
9.50000
9.50000
9.50000
9.50000
9.50000
9.50000
9.50000
9.50000
9.50000
9.50000
9.50000
9.50000
9.50000
9.50000
9.50000
9.50000
9.50000
9.50000
9.50000
9.50000
9.50000
9.50000
9.50000
9.50000
9.50000
9.50000
9.50000
9.50000
9.50000
9.50000
9.50000
9.50000
9.50000
9.50000
9.50000
9.50000
9.50000
9.50000
9.50000
9.50000
9.50000
9.50000
9.50000
9.50000
9.50000
9.50000
9.50000
9.50000
9.50000
9.50000
9.50000
9.50000
9.50000
9.50000
9.50000
9.50000
9.50000
9.50000
9.50000
9.50000
9.50000
9.50000
9.50000
9.50000
9.50000
9.50000
9.50000
9.50000
9.50000
9.50000
9.50000
9.50000
9.50000
9.50000
9.50000
9.50000
9.50000
9.50000
9.50000
9.50000
9.50000
9.50000
9.50000
9.50000
9.50000
9.50000
9.50000
9.50000
9.50000
9.50000
9.50000
9.50000
9.50000
9.50000
9.50000
9.50000
9.50000
9.50000
9.50000
9.50000
9.50000
9.50000
9.50000
9.50000
9.50000
9.50000
9.50000
9.50000
9.50000
9.50000
9.50000
9.50000
9.50000
9.50000
9.50000
9.50000
9.50000
9.50000
9.50000
9.50000
9.50000
9.50000
9.50000
9.50000
9.50000
9.50000
9.50000
9.50000
9.50000
9.50000
9.50000
9.50000
9.50000
9.50000
9.50000
9.50000
9.50000
9.50000
9.50000
9.50000
9.50000
9.50000
9.50000
9.50000
9.50000
9.50000
9.50000
9.50000
9.50000
9.50000
9.50000
9.50000
9.50000
9.50000
9.50000
9.50000
9.50000
9.50000
9.50000
9.50000
9.50000
9.50000
9.50000
9.50000
9.50000
9.50000
9.50000
9.50000
9.50000
9.50000
9.50000
9.50000
9.50000
9.50000
9.50000
9.50000
9.50000
9.50000
9.50000
9.50000
9.50000
9.50000
9.50000
9.50000
9.50000
9.50000
9.50000
9.50000
9.50000
9.50000
9.50000
9.50000
9.50000
9.50000
9.50000
9.50000
9.50000
9.50000
9.50000
9.50000
9.50000
9.50000
9.50000
9.50000
9.50000
9.50000
9.50000
9.50000
9.50000
9.50000
9.50000
9.50000
9.50000
9.50000
9.50000
9.50000
9.50000
9.50000
9.50000
9.50000
9.50000
9.50000
9.50000
9.50000
9.50000
9.50000
9.50000
9.50000
9.50000
9.50000
9.50000
9.50000
9.50000
9.50000
9.50000
9.50000
9.50000
9.50000
9.50000
9.50000
9.50000
9.50000
9.50000
9.50000
9.50000
9.50000
9.50000
9.50000
9.50000
9.50000
9.50000
9.50000
9.50000
9.50000
9.50000
9.50000
9.50000
9.50000
9.50000
9.50000
9.50000
9.50000
9.50000
9.50000
9.50000
9.50000
9.50000
9.50000
9.50000
9.50000
9.50000
9.50000
9.50000
9.50000
9.50000
9.50000
9.50000
9.50000
9.50000
9.50000
9.50000
9.50000
9.50000
9.50000
9.50000
9.50000
9.50000
9.50000
9.50000
9.50000
9.50000
9.50000
9.50000
9.50000
9.50000
9.50000
9.50000
9.50000
9.50000
9.50000
9.50000
9.50000
9.50000
9.50000
9.50000
9.50000
9.50000
9.50000
9.50000
9.50000
9.50000
9.50000
9.50000
9.50000
9.50000
9.50000
9.50000
9.50000
9.50000
9.50000
9.50000
9.50000
9.50000
9.50000
9.50000
9.50000
9.50000
9.50000
9.50000
9.50000
9.50000
9.50000
9.50000
9.50000
9.50000
9.50000
9.50000
9.50000
9.50000
9.50000
9.50000
9.50000
9.50000
9.50000
9.50000
9.50000
9.50000
9.50000
9.50000
9.50000
9.50000
9.50000
9.50000
9.50000
9.50000
9.50000
9.50000
9.50000
9.50000
9.50000
9.50000
9.50000
9.50000
9.50000
9.50000
9.50000
9.50000
9.50000
9.50000
9.50000
9.50000
9.50000
9.50000
9.50000
9.50000
9.50000
9.50000
9.50000
9.50000
9.50000
9.50000
9.50000
9.50000
9.50000
9.50000
9.50000
9.50000
9.50000
9.50000
9.50000
9.50000
9.50000
9.50000
9.50000
9.50000
9.50000
9.50000
9.50000
9.50000
9.50000
9.50000
9.50000
9.50000
9.50000
9.50000
9.50000
9.50000
9.50000
9.50000
9.50000
9.50000
9.50000
9.50000
9.50000
9.50000
9.50000
9.50000
9.50000
9.50000
9.50000
9.50000
9.50000
9.50000
9.50000
9.50000
9.50000
9.50000
9.50000
9.50000
9.50000
9.50000
9.50000
9.50000
9.50000
9.50000
9.50000
9.50000
9.50000
9.50000
9.50000
9.50000
9.50000
9.50000
9.50000
9.50000
9.50000
9.50000
9.50000
9.50000
9.50000
9.50000
9.50000
9.50000
9.50000
9.50000
9.50000
9.50000
9.50000
9.50000
9.50000
9.50000
9.50000
9.50000
9.50000
9.50000
9.50000
9.50000
9.50000
9.50000
9.50000
9.50000
9.50000
9.50000
9.50000
9.50000
9.50000
9.50000
9.50000
9.50000
9.50000
9.50000
9.50000
9.50000
9.50000
9.50000
9.50000
9.50000
9.50000
9.50000
9.50000
9.50000
9.50000
9.50000
9.50000
9.50000
9.50000
9.50000
9.50000
9.50000
9.50000
9.50000
9.50000
9.50000
9.50000
9.50000
9.50000
9.50000
9.50000
9.50000
9.50000
9.50000
9.50000
9.50000
9.50000
9.50000
9.50000
9.50000
9.50000
9.50000
9.50000
9.50000
9.50000
9.50000
9.50000
9.50000
9.50000
9.50000
9.50000
9.50000
9.50000
9.50000
9.50000
9.50000
9.50000
9.50000
9.50000
9.50000
9.50000
9.50000
9.50000
9.50000
9.50000
9.50000
9.50000
9.50000
9.50000
9.50000
9.50000
9.50000
9.50000
9.50000
9.50000
9.50000
9.50000
9.50000
9.50000
9.50000
9.50000
9.50000
9.50000
9.50000
9.50000
9.50000
9.50000
9.50000
9.50000
9.50000
9.50000
9.50000
9.50000
9.50000
9.50000
9.50000
9.50000
9.50000
9.50000
9.50000
9.50000
9.50000
9.50000
9.50000
9.50000
9.50000
9.50000
9.50000
9.50000
9.50000
9.50000
9.50000
9.50000
9.50000
9.50000
9.50000
9.50000
9.50000
9.50000
9.50000
9.50000
9.50000
9.50000
9.50000
9.50000
9.50000
9.50000
9.50000
9.50000
9.50000
9.50000
9.50000
9.50000
9.50000
9.50000
9.50000
9.50000
9.50000
9.50000
9.50000
9.50000
9.50000
9.50000
9.50000
9.50000
9.50000
9.50000
9.50000
9.50000
9.50000
9.50000
9.50000
9.50000
9.50000
9.50000
9.50000
9.50000
9.50000
9.50000
9.50000
9.50000
9.50000
9.50000
9.50000
9.50000
9.50000
9.50000
9.50000
9.50000
9.50000
9.50000
9.50000
9.50000
9.50948
9.51545
9.52169
9.52742
9.53318
9.53893
9.54446
9.55027
9.55953
9.56584
9.57184
9.57799
9.58365
9.58936
9.59552
9.60473
9.61059
9.61672
9.62290
9.63044
9.63657
9.64227
9.65171
9.65745
9.66360
9.66920
9.67543
9.68166
9.68749
9.69686
9.70279
9.70873
9.71414
9.72005
9.72558
9.73154
9.73756
9.74693
9.75276
9.75854
9.76474
9.77023
9.77626
9.78189
9.78784
9.79727
9.80312
9.80892
9.81579
9.82201
9.82775
9.83411
9.84347
9.84970
9.85553
9.86196
9.86771
9.87356
9.87954
9.88863
9.89455
9.90028
9.90627
9.91224
9.91811
9.92376
9.92957
9.93867
9.94504
9.95067
9.95659
9.96239
9.96794
9.97387
9.97953
9.98895
9.99477
10.00267
10.00874
10.01741
10.02294
10.02909
10.03819
10.04454
10.05033
10.05650
10.06236
10.06810
10.07421
10.08338
10.08944
10.09513
10.10140
10.10704
10.11316
10.11877
10.12457
10.13405
10.14014
10.14620
10.15187
10.15777
10.16354
10.16960
10.17877
10.18503
10.19062
10.19675
10.20251
10.20828
10.21420
10.22014
10.22952
10.23518
10.24153
10.24728
10.25300
10.25854
10.26423
10.27004
10.27918
10.28500
10.29069
10.29707
10.30278
10.30855
10.31443
10.32008
10.32925
10.33515
10.34148
10.34737
10.35339
10.35902
10.36483
10.37277
10.38194
10.38764
10.39373
10.39968
10.40527
10.41150
10.41718
10.42360
10.43278
10.43896
10.44467
10.45045
10.45623
10.46220
10.46804
10.47370
10.48334
10.48929
10.49528
10.50113
10.50693
10.51290
10.51848
10.52442
10.53348
10.53940
10.54498
10.55121
10.55684
10.56257
10.56827
10.57416
10.58337
10.58914
10.59514
10.60071
10.60070
10.60068
10.60067
10.60065
10.60063
10.60062
10.60061
10.60060
10.60058
10.60057
10.60055
10.60054
10.60053
10.60052
10.60050
10.60049
10.60048
10.60047
10.60045
10.60044
10.60043
10.60041
10.60040
10.60039
10.60038
10.60036
10.60034
10.60033
10.60032
10.60031
10.60030
10.60028
10.60027
10.60025
10.60024
10.60023
10.60022
10.60020
10.60019
10.60018
10.60016
10.60015
10.60014
10.60013
10.60011
10.60010
10.60009
10.60008
10.60006
10.60005
10.60004
10.60002
10.60001
10.60000
10.59999
10.59998
10.59996
10.59995
10.59993
10.59992
10.59991
10.59990
10.59989
10.59988
10.59986
10.59984
10.59983
10.59982
10.59981
10.59980
10.59978
10.59977
10.59975
10.59974
10.59973
10.59972
10.59970
10.59969
10.59968
10.59967
10.59965
10.59963
10.59962
10.59961
10.59960
10.59959
10.59957
10.59956
10.59954
10.59953
10.59952
10.59951
10.59950
10.59948
10.59946
10.59945
10.59943
10.59942
10.59941
10.59940
10.59939
10.59937
10.59935
10.59934
10.59933
10.59932
10.59931
10.59930
10.59928
10.59926
10.59925
10.59924
10.59923
10.59922
10.59920
10.59919
10.59918
10.59916
10.59915
10.59914
10.59912
10.59911
10.59910
10.59909
10.59908
10.59906
10.59905
10.59903
10.59902
10.59901
10.59900
10.59898
10.59897
10.59895
10.59894
10.59893
10.59892
10.59890
10.59889
10.59886
10.59885
10.59884
10.59882
10.59881
10.59879
10.59878
10.59876
10.59875
10.59873
10.59872
10.59871
10.59870
10.59868
10.59867
10.59865
10.59864
10.59863
10.59862
10.59861
10.59859
10.59857
10.59856
10.59855
10.59854
10.59853
10.59851
10.59850
10.59848
10.59847
10.59846
10.59844
10.59843
10.59842
10.59841
10.59839
10.59838
10.59836
10.59835
10.59834
10.59833
10.59832
10.59830
10.59828
10.59827
10.59826
10.59825
10.59823
10.59822
10.59820
10.59818
10.59817
10.59816
10.59814
10.59813
10.59810
10.59809
10.59808
10.59807
10.59805
10.59804
10.59803
10.59801
10.59800
10.59799
10.59797
10.59796
10.59795
10.59794
10.59792
10.59790
10.59788
10.59787
10.59785
10.59784
10.59783
10.59781
10.59779
10.59778
10.59777
10.59775
10.59774
10.59773
10.59771
10.59770
10.59769
10.59768
10.59766
10.59765
10.59764
10.59762
10.59761
10.59760
10.59758
10.59758
10.59758
10.59758
10.59758
10.59758
10.59758
10.59758
10.59758
10.59758
10.59758
10.59758
10.59758
10.59758
10.59758
10.59758
10.59758
10.59758
10.59758
10.59758
10.59758
10.59758
10.59758
10.59758
10.59758
10.59758
10.59758
10.59758
10.59758
10.59758
10.59758
10.59758
10.59758
10.59758
10.59758
10.59758
10.59758
10.59758
10.59758
10.59758
10.59758
10.59758
10.59758
10.59758
10.59758
10.59758
10.59758
10.59758
10.59758
10.59758
10.59758
10.59758
10.59758
10.59758
10.59758
10.59758
10.59758
10.59758
10.59758
10.59758
10.59758
10.59758
10.59758
10.59758
10.59758
10.59758
10.59758
10.59758
10.59758
10.59758
10.59758
10.59758
10.59758
10.59758
10.59758
10.59758
10.59758
10.59758
10.59758
10.59758
10.59758
10.59758
10.59758
10.59758
10.59758
10.59758
10.59758
10.59758
10.59758
10.59758
10.59758
10.59758
10.59758
10.59758
10.59758
10.59758
10.59758
10.59758
10.59758
10.59758
10.59758
10.59758
10.59758
10.59758
10.59758
10.59758
10.59758
10.59758
10.59758
10.59758
10.59758
10.59758
10.59758
10.59758
10.59758
10.59758
10.59758
10.59758
10.59758
10.59758
10.59758
10.59758
10.59758
10.59758
10.59758
10.59758
10.59758
10.59758
10.59758
10.59758
10.59758
10.59758
10.59757
10.59756
10.59754
10.59753
10.59752
10.59750
10.59748
10.59747
10.59746
10.59745
10.59744
10.59743
10.59741
10.59739
10.59738
10.59737
10.59736
10.59735
10.59733
10.59732
10.59730
10.59729
10.59728
10.59726
10.59725
10.59724
10.59723
10.59721
10.59720
10.59719
10.59717
10.59716
10.59715
10.59714
10.59713
10.59711
10.59709
10.59707
10.59706
10.59704
10.59703
10.59701
10.59700
10.59698
10.59697
10.59695
10.59694
10.59692
10.59690
10.59689
10.59687
10.59686
10.59685
10.59684
10.59682
10.59680
10.59679
10.59678
10.59677
10.59675
10.59674
10.59672
10.59671
10.59669
10.59668
10.59667
10.59666
10.59665
10.59663
10.59662
10.59660
10.59659
10.59658
10.59657
10.59656
10.59654
10.59652
10.59651
10.59650
10.59648
10.59647
10.59646
10.59645
10.59642
10.59640
10.59639
10.59638
10.59637
10.59635
10.59635
10.59635
10.59635
10.59635
10.59635
10.59635
10.59635
10.59635
10.59635
10.59635
10.59635
10.59635
10.59635
10.59635
10.59635
10.59635
10.59635
10.59635
10.59635
10.59635
10.59635
10.59635
10.59635
10.59635
10.59635
10.59635
10.59635
10.59635
10.59635
10.59635
10.59635
10.59635
10.59635
10.59635
10.59635
10.59635
10.59635
10.59635
10.59635
10.59635
10.59635
10.59635
10.59635
10.59635
10.59635
10.59635
10.59635
10.59635
10.59635
10.59635
10.59635
10.59635
10.59635
10.59635
10.59635
10.59635
10.59635
10.59635
10.59635
10.59635
10.59635
10.59635
10.59635
10.59635
10.59635
10.59635
10.59635
10.59635
10.59635
10.59635
10.59635
10.59635
10.59635
10.59635
10.59635
10.59635
10.59635
10.59635
10.59635
10.59635
10.59635
10.59635
10.59635
10.59635
10.59635
10.59635
10.59635
10.59635
10.59635
10.59635
10.59635
10.59635
10.59635
10.59635
10.59635
10.59635
10.59635
10.59635
10.59635
10.59635
10.59635
10.59635
10.59635
10.59635
10.59635
10.59635
10.59635
10.59635
10.59635
10.59635
10.59635
10.59635
10.59635
10.59635
10.59635
10.59635
10.59635
10.59635
10.59635
10.59635
10.59635
10.59635
10.59635
10.59635
10.59635
10.59635
10.59635
10.59635
10.59635
10.59635
10.59635
10.59635
10.59635
10.59634
10.59632
10.59631
10.59630
10.59629
10.59627
10.59626
10.59625
10.59622
10.59621
10.59618
10.59617
10.59615
10.59613
10.59612
10.59610
10.59609
10.59608
10.59607
10.59606
10.59604
10.59602
10.59601
10.59600
10.59599
10.59597
10.59596
10.59594
10.59593
10.59592
10.59591
10.59589
10.59588
10.59587
10.59585
10.59584
10.59583
10.59580
10.59579
10.59578
10.59576
10.59575
10.59573
10.59572
10.59571
10.59570
10.59569
10.59567
10.59565
10.59564
10.59563
10.59562
10.59561
10.59560
10.59558
10.59556
10.59555
10.59554
10.59553
10.59552
10.59550
10.59549
10.59547
10.59546
10.59545
10.59543
10.59542
10.59541
10.59540
10.59538
10.59537
10.59536
10.59534
10.59533
10.59532
10.59531
10.59529
10.59527
10.59526
10.59525
10.59524
10.59523
10.59522
10.59520
10.59518
10.59517
10.59516
10.59515
10.59513
10.59512
10.59511
10.59509
10.59508
10.59507
10.59506
10.59504
10.59503
10.59502
10.59500
10.59499
10.59497
10.59496
10.59495
10.59494
10.59492
10.59491
10.59489
10.59488
10.59487
10.59486
10.59484
10.59482
10.59480
10.59479
10.59477
10.59476
10.59475
10.59474
10.59472
10.59470
10.59469
10.59467
10.59466
10.59465
10.59463
10.59462
10.59459
10.59458
10.59457
10.59455
10.59454
10.59453
10.59452
10.59450
10.59449
10.59447
10.59446
10.59445
10.59444
10.59442
10.59440
10.59439
10.59438
10.59437
10.59436
10.59434
10.59433
10.59431
10.59430
10.59429
10.59428
10.59426
10.59425
10.59424
10.59422
10.59421
10.59420
10.59418
10.59417
10.59415
10.59414
10.59411
10.59410
10.59409
10.59407
10.59406
10.59405
10.59404
10.59401
10.59400
10.59399
10.59397
10.59396
10.59395
10.59394
10.59392
10.59390
10.59389
10.59387
10.59386
10.59384
10.59382
10.59381
10.59379
10.59378
10.59376
10.59375
10.59373
10.59372
10.59370
10.59369
10.59368
10.59367
10.59365
10.59364
10.59362
10.59361
10.59361
10.59361
10.59361
10.59361
10.59361
10.59361
10.59361
10.59361
10.59361
10.59361
10.59361
10.59361
10.59361
10.59361
10.59361
10.59361
10.59361
10.59361
10.59361
10.59361
10.59361
10.59361
10.59361
10.59361
10.59361
10.59361
10.59361
10.59361
10.59361
10.59361
10.59361
10.59361
10.59361
10.59361
10.59361
10.59361
10.59361
10.59361
10.59361
10.59361
10.59361
10.59361
10.59361
10.59361
10.59361
10.59361
10.59361
10.59361
10.59361
10.59361
10.59361
10.59361
10.59361
10.59361
10.59361
10.59361
10.59361
10.59361
10.59361
10.59361
10.59361
10.59361
10.59361
10.59361
10.59361
10.59361
10.59361
10.59361
10.59361
10.59361
10.59361
10.59361
10.59361
10.59361
10.59361
10.59361
10.59361
10.59361
10.59361
10.59361
10.59361
10.59361
10.59361
10.59361
10.59361
10.59361
10.59361
10.59361
10.59361
10.59361
10.59361
10.59361
10.59361
10.59361
10.59361
10.59361
10.59361
10.59361
10.59361
10.59361
10.59361
10.59361
10.59361
10.59361
10.59361
10.59361
10.59361
10.59361
10.59361
10.59361
10.59361
10.59361
10.59361
10.59361
10.59361
10.59361
10.59361
10.59361
10.59361
10.59361
10.59361
10.59361
10.59361
10.59361
10.59360
10.59359
10.59357
10.59356
10.59355
10.59353
10.59352
10.59350
10.59349
10.59347
10.59346
10.59345
10.59343
10.59341
10.59340
10.59339
10.59338
10.59336
10.59335
10.59333
10.59332
10.59331
10.59330
10.59328
10.59327
10.59326
10.59324
10.59322
10.59321
10.59320
10.59319
10.59317
10.59316
10.59314
10.59312
10.59311
10.59310
10.59308
10.59307
10.59306
10.59304
10.59302
10.59301
10.59300
10.59298
10.59297
10.59296
10.59294
10.59293
10.59291
10.59289
10.59288
10.59287
10.59286
10.59283
10.59282
10.59281
10.59280
10.59278
10.59275
10.59273
10.59272
10.59271
10.59269
10.59268
10.59267
10.59266
10.59264
10.59263
10.59262
10.59260
10.59259
10.59258
10.59257
10.59255
10.59254
10.59252
10.59250
10.59249
10.59247
10.59245
10.59244
10.59242
10.59241
10.59240
10.59240
10.59240
10.59240
10.59240
10.59240
10.59240
10.59240
10.59240
10.59240
10.59240
10.59240
10.59240
10.59240
10.59240
10.59240
10.59240
10.59240
10.59240
10.59240
10.59240
10.59240
10.59240
10.59240
10.59240
10.59240
10.59240
10.59240
10.59240
10.59240
10.59240
10.59240
10.59240
10.59240
10.59240
10.59240
10.59240
10.59240
10.59240
10.59240
10.59240
10.59240
10.59240
10.59240
10.59240
10.59240
10.59240
10.59240
10.59240
10.59240
10.59240
10.59240
10.59240
10.59240
10.59240
10.59240
10.59240
10.59240
10.59240
10.59240
10.59240
10.59240
10.59240
10.59240
10.59240
10.59240
10.59240
10.59240
10.59240
10.59240
10.59240
10.59240
10.59240
10.59240
10.59240
10.59240
10.59240
10.59240
10.59240
10.59240
10.59240
10.59240
10.59240
10.59240
10.59240
10.59240
10.59240
10.59240
10.59240
10.59240
10.59240
10.59240
10.59240
10.59240
10.59240
10.59240
10.59240
10.59240
10.59240
10.59240
10.59240
10.59240
10.59240
10.59240
10.59240
10.59240
10.59240
10.59240
10.59240
10.59240
10.59240
10.59240
10.59240
10.59240
10.59240
10.59240
10.59240
10.59240
10.59240
10.59240
10.59240
10.59240
10.59240
10.59240
10.59240
10.59240
10.59240
10.59240
10.59240
10.59240
10.59240
10.59240
10.59240
10.59240
10.59238
10.59237
10.59235
10.59234
10.59233
10.59232
10.59230
10.59229
10.59228
10.59226
10.59225
10.59223
10.59222
10.59220
10.59219
10.59218
10.59215
10.59213
10.59212
10.59211
10.59209
10.59208
10.59206
10.59205
10.59204
10.59202
10.59201
10.59200
10.59199
10.59197
10.59196
10.59194
10.59193
10.59191
10.59190
10.59189
10.59187
10.59186
10.59185
10.59183
10.59182
10.59181
10.59180
10.59178
10.59177
10.59175
10.59174
10.59173
10.59172
10.59171
10.59169
10.59167
10.59166
10.59165
10.59164
10.59162
10.59161
10.59159
10.59158
10.59157
10.59156
10.59154
10.59153
10.59152
10.59150
10.59149
10.59148
10.59146
10.59145
10.59144
10.59143
10.59141
10.59140
10.59138
10.59137
10.59136
10.59135
10.59134
10.59132
10.59130
10.59129
10.59128
10.59127
10.59125
10.59124
10.59122
10.59121
10.59120
10.59118
10.59117
10.59116
10.59114
10.59112
10.59111
10.59110
10.59109
10.59107
10.59106
10.59105
10.59103
10.59102
10.59100
10.59099
10.59098
10.59097
10.59095
10.59092
10.59091
10.59090
10.59089
10.59087
10.59086
10.59084
10.59083
10.59082
10.59080
10.59079
10.59078
10.59076
10.59074
10.59072
10.59071
10.59069
10.59068
10.59066
10.59064
10.59063
10.59062
10.59060
10.59059
10.59058
10.59057
10.59055
10.59053
10.59052
10.59051
10.59050
10.59048
10.59047
10.59045
10.59044
10.59043
10.59041
10.59040
10.59038
10.59037
10.59035
10.59034
10.59033
10.59031
10.59030
10.59029
10.59028
10.59026
10.59025
10.59023
10.59022
10.59021
10.59020
10.59018
10.59017
10.59015
10.59014
10.59013
10.59011
10.59010
10.59008
10.59006
10.59005
10.59003
10.59002
10.59001
10.59000
10.58998
10.58996
10.58995
10.58994
10.58992
10.58991
10.58990
10.58989
10.58987
10.58986
10.58984
10.58983
10.58981
10.58980
10.58979
10.58976
10.58975
10.58974
10.58971
10.58970
10.58968
10.58966
10.58966
10.58966
10.58966
10.58966
10.58966
10.58966
10.58966
10.58966
10.58966
10.58966
10.58966
10.58966
10.58966
10.58966
10.58966
10.58966
10.58966
10.58966
10.58966
10.58966
10.58966
10.58966
10.58966
10.58966
10.58966
10.58966
10.58966
10.58966
10.58966
10.58966
10.58966
10.58966
10.58966
10.58966
10.58966
10.58966
10.58966
10.58966
10.58966
10.58966
10.58966
10.58966
10.58966
10.58966
10.58966
10.58966
10.58966
10.58966
10.58966
10.58966
10.58966
10.58966
10.58966
10.58966
10.58966
10.58966
10.58966
10.58966
10.58966
10.58966
10.58966
10.58966
10.58966
10.58966
10.58966
10.58966
10.58966
10.58966
10.58966
10.58966
10.58966
10.58966
10.58966
10.58966
10.58966
10.58966
10.58966
10.58966
10.58966
10.58966
10.58966
10.58966
10.58966
10.58966
10.58966
10.58966
10.58966
10.58966
10.58966
10.58966
10.58966
10.58966
10.58966
10.58966
10.58966
10.58966
10.58966
10.58966
10.58966
10.58966
10.58966
10.58966
10.58966
10.58966
10.58966
10.58966
10.58966
10.58966
10.58966
10.58966
10.58966
10.58966
10.58966
10.58966
10.58966
10.58966
10.58966
10.58966
10.58966
10.58966
10.58966
10.58966
10.58966
10.58966
10.58966
10.58966
10.58966
10.58966
10.58966
10.58966
10.58965
10.58964
10.58962
10.58961
10.58960
10.58959
10.58957
10.58955
10.58954
10.58953
10.58952
10.58951
10.58949
10.58947
10.58946
10.58945
10.58943
10.58942
10.58940
10.58939
10.58937
10.58935
10.58934
10.58933
10.58932
10.58930
10.58929
10.58927
10.58926
10.58925
10.58924
10.58922
10.58921
10.58920
10.58917
10.58916
10.58915
10.58913
10.58911
10.58910
10.58907
10.58906
10.58904
10.58903
10.58902
10.58901
10.58899
10.58897
10.58896
10.58895
10.58894
10.58893
10.58891
10.58890
10.58888
10.58887
10.58886
10.58884
10.58883
10.58881
10.58880
10.58878
10.58876
10.58875
10.58874
10.58873
10.58872
10.58870
10.58868
10.58867
10.58866
10.58865
10.58863
10.58862
10.58861
10.58859
10.58858
10.58856
10.58855
10.58854
10.58853
10.58851
10.58849
10.58847
10.58846
10.58845
10.58845
10.58845
10.58845
10.58845
10.58845
10.58845
10.58845
10.58845
10.58845
10.58845
10.58845
10.58845
10.58845
10.58845
10.58845
10.58845
10.58845
10.58845
10.58845
10.58845
10.58845
10.58845
10.58845
10.58845
10.58845
10.58845
10.58845
10.58845
10.58845
10.58845
10.58845
10.58845
10.58845
10.58845
10.58845
10.58845
10.58845
10.58845
10.58845
10.58845
10.58845
10.58845
10.58845
10.58845
10.58845
10.58845
10.58845
10.58845
10.58845
10.58845
10.58845
10.58845
10.58845
10.58845
10.58845
10.58845
10.58845
10.58845
10.58845
10.58845
10.58845
10.58845
10.58845
10.58845
10.58845
10.58845
10.58845
10.58845
10.58845
10.58845
10.58845
10.58845
10.58845
10.58845
10.58845
10.58845
10.58845
10.58845
10.58845
10.58845
10.58845
10.58845
10.58845
10.58845
10.58845
10.58845
10.58845
10.58845
10.58845
10.58845
10.58845
10.58845
10.58845
10.58845
10.58845
10.58845
10.58845
10.58845
10.58845
10.58845
10.58845
10.58845
10.58845
10.58845
10.58845
10.58845
10.58845
10.58845
10.58845
10.58845
10.58845
10.58845
10.58845
10.58845
10.58845
10.58845
10.58845
10.58845
10.58845
10.58845
10.58845
10.58845
10.58845
10.58845
10.58845
10.58845
10.58845
10.58845
10.58843
10.58842
10.58841
10.58840
10.58838
10.58836
10.58835
10.58834
10.58833
10.58831
10.58830
10.58829
10.58827
10.58825
10.58824
10.58822
10.58821
10.58820
10.58819
10.58816
10.58815
10.58814
10.58812
10.58811
10.58810
10.58809
10.58807
10.58806
10.58804
10.58803
10.58802
10.58801
10.58799
10.58797
10.58796
10.58795
10.58794
10.58792
10.58791
10.58790
10.58788
10.58787
10.58786
10.58784
10.58783
10.58782
10.58780
10.58778
10.58777
10.58776
10.58774
10.58773
10.58772
10.58771
10.58769
10.58767
10.58766
10.58765
10.58764
10.58762
10.58761
10.58759
10.58758
10.58757
10.58755
10.58754
10.58753
10.58752
10.58750
10.58748
10.58747
10.58746
10.58745
10.58743
10.58742
10.58740
10.58739
10.58738
10.58736
10.58735
10.58734
10.58732
10.58731
10.58729
10.58727
10.58726
10.58725
10.58724
10.58722
10.58720
10.58719
10.58718
10.58716
10.58715
10.58714
10.58713
10.58711
10.58710
10.58708
10.58707
10.58706
10.58705
10.58703
10.58701
10.58700
10.58698
10.58697
10.58696
10.58695
10.58694
10.58692
10.58690
10.58689
10.58688
10.58687
10.58685
10.58684
10.58682
10.58681
10.58680
10.58678
10.58677
10.58676
10.58675
10.58673
10.58671
10.58670
10.58668
10.58667
10.58666
10.58664
10.58662
10.58661
10.58659
10.58658
10.58657
10.58656
10.58654
10.58652
10.58651
10.58650
10.58649
10.58647
10.58646
10.58645
10.58643
10.58642
10.58640
10.58639
10.58638
10.58637
10.58635
10.58633
10.58632
10.58631
10.58630
10.58628
10.58627
10.58626
10.58624
10.58622
10.58621
10.58620
10.58619
10.58617
10.58616
10.58614
10.58613
10.58612
10.58611
10.58609
10.58608
10.58605
10.58603
10.58602
10.58600
10.58599
10.58597
10.58596
10.58594
10.58592
10.58591
10.58590
10.58588
10.58587
10.58586
10.58584
10.58583
10.58581
10.58580
10.58579
10.58578
10.58576
10.58574
10.58572
10.58571
10.58570
10.58570
10.58570
10.58570
10.58570
10.58570
10.58570
10.58570
10.58570
10.58570
10.58570
10.58570
10.58570
10.58570
10.58570
10.58570
10.58570
10.58570
10.58570
10.58570
10.58570
10.58570
10.58570
10.58570
10.58570
10.58570
10.58570
10.58570
10.58570
10.58570
10.58570
10.58570
10.58570
10.58570
10.58570
10.58570
10.58570
10.58570
10.58570
10.58570
10.58570
10.58570
10.58570
10.58570
10.58570
10.58570
10.58570
10.58570
10.58570
10.58570
10.58570
10.58570
10.58570
10.58570
10.58570
10.58570
10.58570
10.58570
10.58570
10.58570
10.58570
10.58570
10.58570
10.58570
10.58570
10.58570
10.58570
10.58570
10.58570
10.58570
10.58570
10.58570
10.58570
10.58570
10.58570
10.58570
10.58570
10.58570
10.58570
10.58570
10.58570
10.58570
10.58570
10.58570
10.58570
10.58570
10.58570
10.58570
10.58570
10.58570
10.58570
10.58570
10.58570
10.58570
10.58570
10.58570
10.58570
10.58570
10.58570
10.58570
10.58570
10.58570
10.58570
10.58570
10.58570
10.58570
10.58570
10.58570
10.58570
10.58570
10.58570
10.58570
10.58570
10.58570
10.58570
10.58570
10.58570
10.58570
10.58570
10.58570
10.58570
10.58570
10.58570
10.58570
10.58570
10.58570
10.58570
10.58570
10.58569
10.58567
10.58566
10.58564
10.58563
10.58561
10.58560
10.58559
10.58558
10.58556
10.58555
10.58553
10.58552
10.58551
10.58550
10.58548
10.58547
10.58545
10.58543
10.58542
10.58541
10.58539
10.58538
10.58536
10.58534
10.58533
10.58531
10.58530
10.58529
10.58528
10.58527
10.58525
10.58523
10.58522
10.58520
10.58519
10.58517
10.58515
10.58514
10.58512
10.58511
10.58510
10.58509
10.58507
10.58505
10.58504
10.58503
10.58502
10.58500
10.58499
10.58498
10.58496
10.58494
10.58493
10.58492
10.58490
10.58489
10.58488
10.58486
10.58485
10.58484
10.58482
10.58481
10.58480
10.58479
10.58476
10.58475
10.58473
10.58472
10.58471
10.58470
10.58468
10.58466
10.58465
10.58463
10.58462
10.58461
10.58460
10.58458
10.58456
10.58455
10.58454
10.58453
10.58451
10.58450
10.58449
10.58447
10.58446
10.58444
10.58443
10.58441
10.58440
10.58437
10.58436
10.58435
10.58433
10.58432
10.58431
10.58430
10.58428
10.58427
10.58425
10.58423
10.58422
10.58420
10.58418
10.58417
10.58416
10.58414
10.58413
10.58412
10.58410
10.58409
10.58407
10.58407
10.58407
10.58407
10.58407
10.58407
10.58407
10.58407
10.58407
10.58407
10.58407
10.58407
10.58407
10.58407
10.58407
10.58407
10.58407
10.58407
10.58407
10.58407
10.58407
10.58407
10.58407
10.58407
10.58407
10.58407
10.58407
10.58407
10.58407
10.58407
10.58407
10.58407
10.58407
10.58407
10.58407
10.58407
10.58407
10.58407
10.58407
10.58407
10.58407
10.58407
10.58407
10.58407
10.58407
10.58407
10.58407
10.58407
10.58407
10.58407
10.58407
10.58407
10.58407
10.58407
10.58407
10.58407
10.58407
10.58407
10.58407
10.58407
10.58407
10.58407
10.58407
10.58407
10.58407
10.58407
10.58407
10.58407
10.58407
10.58407
10.58407
10.58407
10.58407
10.58407
10.58407
10.58407
10.58407
10.58407
10.58407
10.58407
10.58407
10.58407
10.58407
10.58407
10.58407
10.58407
10.58407
10.58407
10.58407
10.58407
10.58407
10.58407
10.58407
10.58407
10.58407
10.58407
10.58407
10.58407
10.58407
10.58407
10.58407
10.58407
10.58407
10.58407
10.58407
10.58407
10.58407
10.58407
10.58407
10.58407
10.58407
10.58407
10.58407
10.58407
10.58407
10.58407
10.58407
10.58407
10.58407
10.58407
10.58407
10.58407
10.58407
10.58407
10.58407
10.58407
10.58407
10.58407
10.58407
10.58407
10.58407
10.58405
10.58404
10.58403
10.58401
10.58400
10.58399
10.58398
10.58396
10.58394
10.58393
10.58392
10.58390
10.58389
10.58387
10.58385
10.58383
10.58382
10.58381
10.58380
10.58378
10.58377
10.58375
10.58374
10.58372
10.58371
10.58370
10.58368
10.58367
10.58365
10.58364
10.58362
10.58360
10.58359
10.58358
10.58357
10.58355
10.58354
10.58352
10.58351
10.58350
10.58348
10.58347
10.58345
10.58344
10.58343
10.58341
10.58340
10.58339
10.58337
10.58335
10.58334
10.58333
10.58332
10.58331
10.58329
10.58328
10.58326
10.58325
10.58324
10.58322
10.58321
10.58320
10.58319
10.58317
10.58315
10.58314
10.58313
10.58312
10.58310
10.58309
10.58307
10.58306
10.58305
10.58303
10.58302
10.58301
10.58300
10.58298
10.58296
10.58295
10.58293
10.58292
10.58291
10.58290
10.58288
10.58286
10.58285
10.58284
10.58282
10.58281
10.58280
10.58278
10.58277
10.58276
10.58274
10.58273
10.58272
10.58270
10.58268
10.58267
10.58266
10.58265
10.58263
10.58262
10.58261
10.58259
10.58258
10.58256
10.58255
10.58254
10.58253
10.58251
10.58249
10.58248
10.58247
10.58246
10.58244
10.58243
10.58242
10.58239
10.58238
10.58237
10.58235
10.58234
10.58233
10.58233
10.58233
10.58233
10.58233
10.58233
10.58233
10.58233
10.58233
10.58233
10.58233
10.58233
10.58233
10.58233
10.58233
10.58233
10.58233
10.58233
10.58233
10.58233
10.58233
10.58233
10.58233
10.58233
10.58233
10.58233
10.58233
10.58233
10.58233
10.58233
10.58233
10.58233
10.58233
10.58233
10.58233
10.58233
10.58233
10.58233
10.58233
10.58233
10.58233
10.58233
10.58233
10.58233
10.58233
10.58233
10.58233
10.58233
10.58233
10.58233
10.58233
10.58233
10.58233
10.58233
10.58233
10.58233
10.58233
10.58233
10.58233
10.58233
10.58233
10.58233
10.58233
10.58233
10.58233
10.58233
10.58233
10.58233
10.58233
10.58233
10.58233
10.58233
10.58233
10.58233
10.58233
10.58233
10.58233
10.58233
10.58233
10.58233
10.58233
10.58233
10.58233
10.58233
10.58233
10.58233
10.58233
10.58233
10.58233
10.58233
10.58233
10.58233
10.58233
10.58233
10.58233
10.58233
10.58233
10.58233
10.58233
10.58233
10.58233
10.58233
10.58233
10.58233
10.58233
10.58233
10.58233
10.58233
10.58233
10.58233
10.58233
10.58233
10.58233
10.58233
10.58233
10.58233
10.58233
10.58233
10.58233
10.58233
10.58233
10.58233
10.58233
10.58233
10.58233
10.58233
10.58233
10.58233
10.58233
10.58233
10.58233
10.58233
10.58233
10.58233
10.58233
10.58233
10.58233
10.58233
10.58233
10.58233
10.58233
10.58233
10.58233
10.58233
10.58233
10.58233
10.58233
10.58233
10.57673
10.57292
10.56921
10.56585
10.56231
10.55884
10.55508
10.54954
10.54588
10.54245
10.53877
10.53532
10.53158
10.52799
10.52232
10.51871
10.51512
10.51149
10.50776
10.50417
10.50058
10.49482
10.49103
10.48590
10.48017
10.47483
10.47087
10.46489
10.46119
10.45726
10.45334
10.44968
10.44590
10.44213
10.43601
10.43227
10.42829
10.42460
10.42060
10.41674
10.41250
10.40647
10.40229
10.39856
10.39442
10.39027
10.38638
10.38233
10.37608
10.37213
10.36816
10.36433
10.36045
10.35633
10.35241
10.34594
10.34191
10.33763
10.33377
10.32958
10.32573
10.32157
10.31510
10.31091
10.30685
10.30263
10.29840
10.29430
10.28995
10.28352
10.27931
10.27505
10.27056
10.26642
10.26217
10.25794
10.25115
10.24664
10.24065
10.23618
10.23178
10.22750
10.22282
10.21613
10.21136
10.20706
10.20223
10.19800
10.19370
10.18895
10.18181
10.17736
10.17292
10.16850
10.16401
10.15947
10.15499
10.14769
10.14298
10.13835
10.13376
10.12909
10.12466
10.11940
10.11239
10.10741
10.10276
10.09776
10.09322
10.08828
10.08364
10.07625
10.07061
10.06475
10.06016
10.05484
10.04999
10.04497
10.03757
10.03244
10.02788
10.02286
10.01803
10.01295
10.00808
10.00020
9.99502
9.98996
9.98520
9.98031
9.97504
9.97022
9.96072
9.95506
9.95027
9.94529
9.94019
9.93525
9.93028
9.92248
9.91717
9.91224
9.90710
9.90215
9.89673
9.89165
9.88366
9.87838
9.87311
9.86811
9.86265
9.85724
9.85145
9.84371
9.83829
9.83298
9.82772
9.82212
9.81639
9.81111
9.80302
9.79781
9.79218
9.78734
9.78226
9.77732
9.77166
9.76422
9.75892
9.75397
9.74840
9.74322
9.73808
9.73298
9.72480
9.72001
9.71437
9.70915
9.70340
9.69841
9.69330
9.68560
9.68049
9.67558
9.67037
9.66534
9.65835
9.65317
9.64503
9.63974
9.63433
9.62917
9.62418
9.61913
9.61417
9.60616
9.60073
9.59555
9.59037
9.58131
9.57598
9.56803
9.56283
9.55763
9.55210
9.54711
9.54181
9.53663
9.52838
9.52295
9.51770
9.51267
9.50710
9.50229
9.49708
9.48913
9.48394
9.47885
9.47346
9.46827
9.46281
9.45762
9.44972
9.44461
9.43929
9.43442
9.42918
9.42407
9.41889
9.41067
9.40496
9.40000
