6.70292
6.70571
6.70800
6.71045
6.71263
6.71461
6.71717
6.72061
6.72291
6.72595
6.72803
6.73013
6.73260
6.73621
6.73891
6.74154
6.74455
6.74668
6.74851
6.75162
6.75360
6.75551
6.75737
6.75934
6.76120
6.76309
6.76503
6.76806
6.77001
6.77187
6.77389
6.77568
6.77754
6.77953
6.78146
6.78459
6.78721
6.78904
6.79098
6.79300
6.79489
6.79694
6.80001
6.80202
6.80390
6.80584
6.80783
6.80964
6.81155
6.81347
6.81663
6.81855
6.82050
6.82233
6.82414
6.82617
6.82810
6.83005
6.83305
6.83497
6.83682
6.83881
6.84083
6.84311
6.84504
6.84703
6.85025
6.85213
6.85430
6.85635
6.85838
6.86026
6.86234
6.86544
6.86746
6.86944
6.87149
6.87345
6.87545
6.87761
6.88198
6.88412
6.88622
6.88842
6.89031
6.89224
6.89426
6.89738
6.89929
6.90137
6.90322
6.90516
6.90698
6.90886
6.91108
6.91442
6.91734
6.91948
6.92160
6.92382
6.92586
6.92892
6.93243
6.93441
6.93641
6.94011
6.94320
6.94660
6.94977
6.95175
6.95345
6.95517
6.95699
6.95866
6.96043
6.96237
6.96542
6.96725
6.96897
6.97086
6.97265
6.97451
6.97643
6.97836
6.98154
6.98350
6.98550
6.98731
6.98923
6.99111
6.99291
6.99486
6.99786
6.99976
7.00560
7.01118
7.01683
7.02228
7.02893
7.03641
7.04695
7.05415
7.05956
7.06475
7.07044
7.07606
7.08196
7.09128
7.09690
7.10175
7.10755
7.11318
7.11842
7.12390
7.12924
7.13843
7.14353
7.15092
7.15612
7.16122
7.16680
7.17216
7.17750
7.18617
7.19151
7.19677
7.20203
7.20744
7.21398
7.22016
7.22774
7.23786
7.24357
7.24909
7.25424
7.26051
7.26572
7.27120
7.27702
7.28580
7.29172
7.29721
7.30282
7.30805
7.31340
7.31880
7.32394
7.33296
7.33827
7.34378
7.34900
7.35408
7.35955
7.36481
7.37040
7.37914
7.38447
7.38980
7.39503
7.40014
7.40555
7.41082
7.41632
7.42485
7.43046
7.43931
7.44494
7.45013
7.45582
7.46117
7.46654
7.47535
7.48076
7.48606
7.49132
7.49642
7.50208
7.50938
7.51891
7.53349
7.53882
7.54507
7.55151
7.55686
7.56191
7.56747
7.57613
7.58139
7.58683
7.59356
7.60095
7.60867
7.61517
7.62592
7.63149
7.63683
7.64193
7.64748
7.65303
7.65841
7.66413
7.67344
7.67864
7.68362
7.68884
7.69394
7.69907
7.70415
7.70967
7.71806
7.72421
7.73111
7.73794
7.74521
7.75122
7.75671
7.76609
7.77158
7.77693
7.78258
7.78789
7.79298
7.79825
7.80366
7.81242
7.81794
7.82294
7.82896
7.83429
7.83953
7.84486
7.85006
7.85905
7.86412
7.86942
7.87486
7.88008
7.88535
7.89080
7.89722
7.90799
7.91373
7.91881
7.92412
7.92937
7.93450
7.93995
7.94521
7.95392
7.95895
7.96401
7.96984
7.97655
7.98222
7.98734
7.99330
8.00186
8.00715
8.01260
8.01827
8.02353
8.02876
8.03607
8.04143
8.04997
8.05538
8.06046
8.06600
8.07135
8.07660
8.08218
8.08728
8.09713
8.10484
8.11294
8.11951
8.12604
8.13249
8.14204
8.14769
8.15340
8.15895
8.16396
8.16905
8.17462
8.17995
8.18845
8.19393
8.20083
8.20841
8.21568
8.22273
8.22938
8.23959
8.24492
8.25085
8.25641
8.26201
8.26714
8.27231
8.27881
8.29243
8.30016
8.30690
8.31285
8.31915
8.32496
8.33456
8.34006
8.34553
8.35110
8.35674
8.36303
8.36908
8.37661
8.38937
8.39578
8.40170
8.40744
8.41346
8.41985
8.42534
8.43476
8.44050
8.44599
8.45240
8.46030
8.46810
8.47515
8.48526
8.49074
8.49736
8.50269
8.50803
8.51356
8.51910
8.52474
8.53482
8.54189
8.54928
8.55664
8.56271
8.56889
8.57481
8.58474
8.59027
8.59578
8.60117
8.60717
8.61271
8.62041
8.63164
8.64150
8.64761
8.65395
8.66003
8.66601
8.67482
8.68060
8.68610
8.69120
8.69907
8.70842
8.71864
8.73142
8.73949
8.74489
8.75088
8.75671
8.76263
8.76834
8.77863
8.78838
8.79573
8.80223
8.80852
8.81522
8.82462
8.83027
8.83592
8.84123
8.84630
8.85212
8.85747
8.86285
8.87158
8.87836
8.88631
8.89438
8.90103
8.90759
8.91403
8.92339
8.92884
8.93448
8.94065
8.94588
8.95135
8.95676
8.96455
8.97767
8.98472
8.99115
8.99710
9.00278
9.00897
9.01499
9.02535
9.03247
9.03818
9.04552
9.05343
9.06104
9.07163
9.07728
9.08317
9.08935
9.09518
9.10045
9.10572
9.11109
9.12045
9.13137
9.13947
9.14658
9.15306
9.15944
9.16849
9.17397
9.17954
9.18520
9.19219
9.20006
9.20755
9.22093
9.22852
9.23757
9.24433
9.25066
9.25649
9.26677
9.27344
9.28050
9.28811
9.29521
9.30203
9.31312
9.31982
9.32602
9.33145
9.33664
9.34224
9.34854
9.35993
9.36739
9.37500
9.38095
9.38696
9.39254
9.39822
9.39822
9.39822
9.39822
9.39822
9.39822
9.39822
9.39822
9.39822
9.39822
9.39822
9.39822
9.39822
9.39822
9.39822
9.39822
9.39822
9.39822
9.39822
9.39822
9.39822
9.39822
9.39822
9.39822
9.39822
9.39822
9.39822
9.39822
9.39822
9.39822
9.39822
9.39822
9.39822
9.39822
9.39822
9.39822
9.39822
9.39822
9.39822
9.39822
9.39822
9.39822
9.39822
9.39822
9.39822
9.39822
9.39822
9.39822
9.39822
9.39822
9.39822
9.39822
9.39822
9.39822
9.39822
9.39822
9.39822
9.39822
9.39822
9.39822
9.39822
9.39822
9.39822
9.39822
9.39822
9.39822
9.39822
9.39822
9.39822
9.39822
9.39822
9.39822
9.39822
9.39822
9.39822
9.39822
9.39822
9.39822
9.39822
9.39822
9.39822
9.39822
9.39822
9.39822
9.39822
9.39822
9.39822
9.39822
9.39822
9.39822
9.39822
9.39822
9.39822
9.39822
9.39822
9.39822
9.39822
9.39822
9.39822
9.39822
9.39822
9.39822
9.39822
9.39822
9.39822
9.39822
9.39822
9.39822
9.39822
9.39822
9.39822
9.39822
9.39822
9.39822
9.39822
9.39822
9.39822
9.39822
9.39822
9.39822
9.39822
9.39822
9.39822
9.39822
9.39822
9.39822
9.39822
9.39822
9.39822
9.39822
9.39822
9.39822
9.39822
9.39822
9.39822
9.39822
9.41139
9.41881
9.42485
9.43121
9.43736
9.44353
9.45382
9.45993
9.46735
9.47298
9.47845
9.48453
9.49087
9.49983
9.50519
9.51106
9.51717
9.52311
9.52878
9.53819
9.54734
9.55309
9.55849
9.56466
9.57021
9.57542
9.58103
9.58632
9.59528
9.60114
9.60677
9.61206
9.61774
9.62518
9.63180
9.64193
9.64846
9.65406
9.66081
9.66757
9.67294
9.68030
9.69046
9.69821
9.70376
9.70921
9.71479
9.72025
9.72562
9.73574
9.74214
9.74733
9.75251
9.75811
9.76347
9.76897
9.77456
9.78332
9.78907
9.79447
9.79995
9.80512
9.81021
9.81574
9.82087
9.82958
9.83492
9.84029
9.84756
9.85274
9.85799
9.86348
9.86910
9.87784
9.88341
9.88914
9.89505
9.90169
9.90699
9.91274
9.91828
9.92713
9.93238
9.93768
9.94294
9.94831
9.95382
9.95923
9.96478
9.97346
9.97890
9.98428
9.98990
9.99540
9.99540
9.99540
9.99540
9.99540
9.99540
9.99540
9.99540
9.99540
9.99540
9.99540
9.99540
9.99540
9.99540
9.99540
9.99540
9.99540
9.99540
9.99540
9.99540
9.99540
9.99540
9.99540
9.99540
9.99540
9.99540
9.99540
9.99540
9.99540
9.99540
9.99540
9.99540
9.99540
9.99540
9.99540
9.99540
9.99540
9.99540
9.99540
9.99540
9.99540
9.99540
9.99540
9.99540
9.99540
9.99540
9.99540
9.99540
9.99540
9.99540
9.99540
9.99540
9.99540
9.99540
9.99540
9.99540
9.99540
9.99540
9.99540
9.99540
9.99540
9.99540
9.99540
9.99540
9.99540
9.99540
9.99540
9.99540
9.99540
9.99540
9.99540
9.99540
9.99540
9.99540
9.99540
9.99540
9.99540
9.99540
9.99540
9.99540
9.99540
9.99540
9.99540
9.99540
9.99540
9.99540
9.99540
9.99540
9.99540
9.99540
9.99540
9.99540
9.99540
9.99540
9.99540
9.99540
9.99540
9.99540
9.99540
9.99540
9.99540
9.99540
9.99540
9.99540
9.99540
9.99540
9.99540
9.99540
9.99540
9.99540
9.99540
9.99540
9.99540
9.99540
9.99540
9.99540
9.99540
9.99540
9.99540
9.99540
9.99540
9.99540
9.99540
9.99540
9.99540
9.99540
9.99540
9.99540
9.99540
9.99540
9.99540
9.99540
9.99540
9.99540
9.99540
9.99540
9.99540
9.99540
9.99540
9.99540
9.99540
9.99540
9.99540
9.99540
9.99540
9.99540
10.00060
10.00591
10.01128
10.02013
10.02551
10.03108
10.03638
10.04164
10.04694
10.05225
10.05823
10.06931
10.07615
10.08238
10.08833
10.09429
10.09979
10.10534
10.11423
10.11978
10.12728
10.13394
10.13956
10.14496
10.15027
10.15561
10.16699
10.17357
10.17915
10.18489
10.19040
10.19626
10.20198
10.21110
10.21664
10.22239
10.22774
10.23314
10.23852
10.24384
10.24946
10.25780
10.26328
10.26858
10.27393
10.27927
10.28486
10.29047
10.29585
10.30456
10.31001
10.31540
10.32114
10.32631
10.33191
10.33734
10.34264
10.35123
10.35637
10.36197
10.36717
10.37230
10.37780
10.38310
10.38874
10.39720
10.40279
10.40810
10.41321
10.41872
10.42410
10.42946
10.44245
10.45147
10.45698
10.46254
10.46764
10.47314
10.47840
10.48357
10.48936
10.49761
10.50316
10.50853
10.51378
10.51939
10.52458
10.53015
10.53568
10.54440
10.55001
10.55529
10.56068
10.56595
10.57125
10.57659
10.58167
10.59073
10.59604
10.60164
10.60709
10.61269
10.61812
10.62337
10.62919
10.63785
10.64350
10.64881
10.65413
10.65935
10.66450
10.67019
10.67571
10.68462
10.69000
10.69514
10.70067
10.70753
10.71411
10.71926
10.72474
10.73477
10.74167
10.74687
10.75219
10.75777
10.76338
10.76901
10.77502
10.78496
10.79122
10.79662
10.80406
10.80990
10.82532
10.83417
10.83960
10.84497
10.85028
10.85586
10.86106
10.86644
10.87184
10.88031
10.88585
10.89115
10.89659
10.90198
10.90717
10.91267
10.91839
10.92737
10.93270
10.93830
10.94366
10.94903
10.95431
10.95951
10.96621
10.97538
10.98114
10.98642
10.99192
10.99778
11.00311
11.00843
11.01397
11.02446
11.03143
11.04302
11.04895
11.05480
11.06039
11.07022
11.07837
11.08441
11.09087
11.09688
11.10273
11.10824
11.11714
11.12290
11.12842
11.13369
11.13906
11.14439
11.15003
11.15546
11.16431
11.17053
11.17666
11.18354
11.19027
11.19785
11.20343
11.21382
11.22132
11.22915
11.23438
11.23979
11.24529
11.25060
11.26052
11.26677
11.27223
11.27767
11.28307
11.28929
11.29500
11.30067
11.30947
11.31848
11.32538
11.33071
11.33594
11.34141
11.34682
11.34682
11.34682
11.34682
11.34682
11.34682
11.34682
11.34682
11.34682
11.34682
11.34682
11.34682
11.34682
11.34682
11.34682
11.34682
11.34682
11.34682
11.34682
11.34682
11.34682
11.34682
11.34682
11.34682
11.34682
11.34682
11.34682
11.34682
11.34682
11.34682
11.34682
11.34682
11.34682
11.34682
11.34682
11.34682
11.34682
11.34682
11.34682
11.34682
11.34682
11.34682
11.34682
11.34682
11.34682
11.34682
11.34682
11.34682
11.34682
11.34682
11.34682
11.34682
11.34682
11.34682
11.34682
11.34682
11.34682
11.34682
11.34682
11.34682
11.34682
11.34682
11.34682
11.34682
11.34682
11.34682
11.34682
11.34682
11.34682
11.34682
11.34682
11.34682
11.34682
11.34682
11.34682
11.34682
11.34682
11.34682
11.34682
11.34682
11.34682
11.34682
11.34682
11.34682
11.34682
11.34682
11.34682
11.34682
11.34682
11.34682
11.34682
11.34682
11.34682
11.34682
11.34682
11.34682
11.34682
11.34682
11.34682
11.34682
11.34682
11.34682
11.34682
11.34682
11.34682
11.34682
11.34682
11.34682
11.34682
11.34682
11.34682
11.34682
11.34682
11.34682
11.34682
11.34682
11.34682
11.34682
11.34682
11.34682
11.34682
11.34682
11.34682
11.34682
11.34682
11.34682
11.34682
11.34682
11.34682
11.34682
11.34682
11.34682
11.34682
11.34682
11.34682
11.34682
11.34682
11.34682
11.34682
11.34682
11.34682
11.34682
11.34682
11.34682
11.34682
11.35672
11.36336
11.36956
11.37525
11.38055
11.38619
11.39171
11.39745
11.40633
11.41212
11.41785
11.42351
11.42932
11.43674
11.44260
11.45162
11.45818
11.46492
11.47076
11.47777
11.48380
11.48951
11.49864
11.50533
11.51127
11.51698
11.52344
11.52907
11.53571
11.54459
11.55000
11.55556
11.56272
11.56881
11.57446
11.58019
11.58820
11.59853
11.60538
11.61167
11.61812
11.62617
11.63424
11.64588
11.65224
11.65806
11.66494
11.67106
11.67736
11.68507
11.69598
11.70147
11.70880
11.71450
11.72122
11.72718
11.73330
11.74403
11.75010
11.75560
11.76276
11.76849
11.77402
11.77968
11.79010
11.79879
11.80618
11.90618
11.92651
11.93671
11.94510
11.94510
11.94510
11.94510
11.94510
11.94510
11.94510
11.94510
11.94510
11.94510
11.94510
11.94510
11.94510
11.94510
11.94510
11.94510
11.94510
11.94510
11.94510
11.94510
11.94510
11.94510
11.94510
11.94510
11.94510
11.94510
11.94510
11.94510
11.94510
11.94510
11.94510
11.94510
11.94510
11.94510
11.94510
11.94510
11.94510
11.94510
11.94510
11.94510
11.94510
11.94510
11.94510
11.94510
11.94510
11.94510
11.94510
11.94510
11.94510
11.94510
11.94510
11.94510
11.94510
11.94510
11.94510
11.94510
11.94510
11.94510
11.94510
11.94510
11.94510
11.94510
11.94510
11.94510
11.94510
11.94510
11.94510
11.94510
11.94510
11.94510
11.94510
11.94510
11.94510
11.94510
11.94510
11.94510
11.94510
11.94510
11.94510
11.94510
11.94510
11.94510
11.94510
11.94510
11.94510
11.94510
11.94510
11.94510
11.94510
11.94510
11.94510
11.94510
11.94510
11.94510
11.94510
11.94510
11.94510
11.94510
11.94510
11.94510
11.94510
11.94510
11.94510
11.94510
11.94510
11.94510
11.94510
11.94510
11.94510
11.94510
11.94510
11.94510
11.94510
11.94510
11.94510
11.94510
11.94510
11.94510
11.94510
11.94510
11.94510
11.94510
11.94510
11.94510
11.94510
11.94510
11.94510
11.94510
11.94510
11.94510
11.94510
11.94510
11.94510
11.94510
11.94510
11.94510
11.94510
11.95047
11.95638
11.96215
11.97163
11.97751
11.98354
11.98915
11.99472
12.00071
12.00697
12.01259
12.02182
12.02755
12.03328
12.03900
12.04514
12.05307
12.06019
12.07094
12.07877
12.08472
12.09048
12.09629
12.10185
12.10798
12.11829
12.12563
12.13117
12.13685
12.14230
12.14789
12.15840
12.16772
12.17333
12.17933
12.18528
12.19119
12.19692
12.20248
12.20846
12.21739
12.22333
12.22892
12.23456
12.24013
12.24791
12.25423
12.26338
12.26896
12.27503
12.28085
12.28634
12.29200
12.29732
12.30338
12.31225
12.31826
12.32401
12.32990
12.33551
12.34098
12.34771
12.35344
12.36284
12.36857
12.37462
12.38019
12.38582
12.39187
12.39715
12.40278
12.41189
12.41780
12.42335
12.42914
12.43492
12.44038
12.44623
12.45181
12.46104
12.46664
12.47244
12.47825
12.48378
12.48980
12.49547
12.50125
12.51042
12.51641
12.52180
12.52736
12.53307
12.53855
12.54472
12.55036
12.55951
12.56528
12.57096
12.57661
12.58232
12.58825
12.59362
12.59962
12.60856
12.61456
12.62209
12.62814
12.63380
12.63952
12.64542
12.65488
12.66063
12.66620
12.67218
12.67778
12.68336
12.68916
12.69506
12.70458
12.71210
12.71885
12.72494
12.73225
12.73889
12.74470
12.75700
12.76379
12.76994
12.77557
12.78116
12.78690
12.79252
12.80176
12.80772
12.81362
12.81934
12.82516
12.83057
12.83612
12.84201
12.85141
12.85710
12.86280
12.86870
12.87447
12.88029
12.88589
12.89177
12.90115
12.90693
12.91260
12.91800
12.92371
12.92944
12.93514
12.94113
12.95041
12.95658
12.96197
12.96812
12.97368
12.97958
12.98534
12.99124
13.00037
13.00831
13.01432
13.02192
13.02944
13.03522
13.04105
13.05145
13.05796
13.06357
13.06955
13.07525
13.08079
13.08646
13.09593
13.10179
13.10792
13.11346
13.11919
13.12506
13.13054
13.13645
13.14557
13.15145
13.15707
13.16291
13.17027
13.17725
13.18325
13.19378
13.20054
13.20659
13.21391
13.22119
13.22655
13.23248
13.24304
13.25080
13.25658
13.26248
13.26792
13.27367
13.27969
13.28882
13.29488
13.29488
13.29488
13.29488
13.29488
13.29488
13.29488
13.29488
13.29488
13.29488
13.29488
13.29488
13.29488
13.29488
13.29488
13.29488
13.29488
13.29488
13.29488
13.29488
13.29488
13.29488
13.29488
13.29488
13.29488
13.29488
13.29488
13.29488
13.29488
13.29488
13.29488
13.29488
13.29488
13.29488
13.29488
13.29488
13.29488
13.29488
13.29488
13.29488
13.29488
13.29488
13.29488
13.29488
13.29488
13.29488
13.29488
13.29488
13.29488
13.29488
13.29488
13.29488
13.29488
13.29488
13.29488
13.29488
13.29488
13.29488
13.29488
13.29488
13.29488
13.29488
13.29488
13.29488
13.29488
13.29488
13.29488
13.29488
13.29488
13.29488
13.29488
13.29488
13.29488
13.29488
13.29488
13.29488
13.29488
13.29488
13.29488
13.29488
13.29488
13.29488
13.29488
13.29488
13.29488
13.29488
13.29488
13.29488
13.29488
13.29488
13.29488
13.29488
13.29488
13.29488
13.29488
13.29488
13.29488
13.29488
13.29488
13.29488
13.29488
13.29488
13.29488
13.29488
13.29488
13.29488
13.29488
13.29488
13.29488
13.29488
13.29488
13.29488
13.29488
13.29488
13.29488
13.29488
13.29488
13.29488
13.29488
13.29488
13.29488
13.29488
13.29488
13.29488
13.29488
13.29488
13.29488
13.29488
13.29488
13.29488
13.29488
13.29488
13.29488
13.29488
13.29488
13.30046
13.30882
13.31936
13.32692
13.33444
13.34017
13.34617
13.35181
13.35749
13.36783
13.37464
13.38029
13.38639
13.39256
13.39878
13.40463
13.41365
13.41993
13.42578
13.43145
13.43715
13.44251
13.44850
13.45423
13.46351
13.46937
13.47547
13.48123
13.48688
13.49252
13.49809
13.50402
13.51343
13.51950
13.52517
13.53132
13.53689
13.54251
13.54817
13.55400
13.56347
13.56945
13.57538
13.58294
13.59016
13.59619
13.60222
13.61269
13.61968
13.62747
13.63334
13.64099
13.64806
13.66694
13.67416
13.67975
13.68604
13.69177
13.69766
13.70718
13.71519
13.72136
13.72701
13.73273
13.73829
13.74413
13.75336
13.75963
13.76523
13.77115
13.77688
13.78252
13.78812
13.79387
13.80317
13.80910
13.81692
13.82380
13.82962
13.83546
13.84146
13.85210
13.85964
13.86736
13.87304
13.87878
13.88462
13.89060
13.89060
13.89060
13.89060
13.89060
13.89060
13.89060
13.89060
13.89060
13.89060
13.89060
13.89060
13.89060
13.89060
13.89060
13.89060
13.89060
13.89060
13.89060
13.89060
13.89060
13.89060
13.89060
13.89060
13.89060
13.89060
13.89060
13.89060
13.89060
13.89060
13.89060
13.89060
13.89060
13.89060
13.89060
13.89060
13.89060
13.89060
13.89060
13.89060
13.89060
13.89060
13.89060
13.89060
13.89060
13.89060
13.89060
13.89060
13.89060
13.89060
13.89060
13.89060
13.89060
13.89060
13.89060
13.89060
13.89060
13.89060
13.89060
13.89060
13.89060
13.89060
13.89060
13.89060
13.89060
13.89060
13.89060
13.89060
13.89060
13.89060
13.89060
13.89060
13.89060
13.89060
13.89060
13.89060
13.89060
13.89060
13.89060
13.89060
13.89060
13.89060
13.89060
13.89060
13.89060
13.89060
13.89060
13.89060
13.89060
13.89060
13.89060
13.89060
13.89060
13.89060
13.89060
13.89060
13.89060
13.89060
13.89060
13.89060
13.89060
13.89060
13.89060
13.89060
13.89060
13.89060
13.89060
13.89060
13.89060
13.89060
13.89060
13.89060
13.89060
13.89060
13.89060
13.89060
13.89060
13.89060
13.89060
13.89060
13.89060
13.89060
13.89060
13.89060
13.89060
13.89060
13.89060
13.89060
13.89060
13.89060
13.89060
13.89060
13.89060
13.89060
13.89060
13.89060
13.89060
13.89060
13.89060
13.89613
13.90201
13.90785
13.91368
13.91949
13.92878
13.93478
13.94041
13.94610
13.95293
13.95887
13.96467
13.97620
13.98196
13.98770
13.99377
13.99952
14.00548
14.01119
14.02079
14.02871
14.03630
14.04235
14.04792
14.05379
14.06006
14.07030
14.07727
14.08290
14.08917
14.09469
14.10077
14.10629
14.11612
14.12196
14.12775
14.13378
14.13942
14.14519
14.15108
14.15726
14.16615
14.17213
14.17785
14.18404
14.18988
14.19542
14.20146
14.20746
14.21666
14.22240
14.22855
14.23409
14.23988
14.24555
14.25129
14.25719
14.26606
14.27187
14.27808
14.28435
14.29003
14.29585
14.30160
14.30724
14.31644
14.32230
14.32853
14.33422
14.34022
14.34571
14.35386
14.36300
14.36925
14.37484
14.38048
14.38608
14.39163
14.39743
14.40364
14.41273
14.41860
14.42453
14.43023
14.43585
14.44193
14.44779
14.45405
14.46291
14.46880
14.47442
14.48024
14.48570
14.49145
14.49730
14.50290
14.51229
14.51849
14.52448
14.52990
14.53574
14.54118
14.54728
14.55579
14.56497
14.57075
14.57664
14.58254
14.58799
14.59418
14.59976
14.60572
14.61504
14.62097
14.62669
14.63269
14.63855
14.64459
14.65039
14.65617
14.66568
14.67173
14.67788
14.68377
14.68970
14.69551
14.70158
14.71099
14.71920
14.72604
14.73221
14.74057
14.74856
14.75951
14.76647
14.77217
14.77833
14.78376
14.78957
14.79505
14.80446
14.81022
14.81602
14.82187
14.82739
14.83331
14.83895
14.84465
14.85366
14.85971
14.86534
14.87082
14.87679
14.88318
14.88918
14.89488
14.90434
14.91010
14.91591
14.92169
14.92714
14.93277
14.93874
14.94492
14.95398
14.96007
14.96587
14.97199
14.97757
14.98338
14.98920
14.99483
15.00395
15.00960
15.01590
15.02399
15.03253
15.04126
15.05260
15.06107
15.06704
15.07388
15.08009
15.08674
15.09695
15.10342
15.10979
15.11602
15.12211
15.12901
15.13668
15.15043
15.15697
15.16356
15.17233
15.17980
15.18630
15.19720
15.20472
15.21087
15.21717
15.22355
15.22955
15.23580
15.23580
15.23580
15.23580
15.23580
15.23580
15.23580
15.23580
15.23580
15.23580
15.23580
15.23580
15.23580
15.23580
15.23580
15.23580
15.23580
15.23580
15.23580
15.23580
15.23580
15.23580
15.23580
15.23580
15.23580
15.23580
15.23580
15.23580
15.23580
15.23580
15.23580
15.23580
15.23580
15.23580
15.23580
15.23580
15.23580
15.23580
15.23580
15.23580
15.23580
15.23580
15.23580
15.23580
15.23580
15.23580
15.23580
15.23580
15.23580
15.23580
15.23580
15.23580
15.23580
15.23580
15.23580
15.23580
15.23580
15.23580
15.23580
15.23580
15.23580
15.23580
15.23580
15.23580
15.23580
15.23580
15.23580
15.23580
15.23580
15.23580
15.23580
15.23580
15.23580
15.23580
15.23580
15.23580
15.23580
15.23580
15.23580
15.23580
15.23580
15.23580
15.23580
15.23580
15.23580
15.23580
15.23580
15.23580
15.23580
15.23580
15.23580
15.23580
15.23580
15.23580
15.23580
15.23580
15.23580
15.23580
15.23580
15.23580
15.23580
15.23580
15.23580
15.23580
15.23580
15.23580
15.23580
15.23580
15.23580
15.23580
15.23580
15.23580
15.23580
15.23580
15.23580
15.23580
15.23580
15.23580
15.23580
15.23580
15.23580
15.23580
15.23580
15.23580
15.23580
15.23580
15.23580
15.23580
15.23580
15.23580
15.23580
15.23580
15.24626
15.26076
15.26775
15.27312
15.27893
15.28443
15.28999
15.29578
15.30473
15.31069
15.31616
15.32246
15.32973
15.33743
15.34304
15.35427
15.36167
15.36786
15.37368
15.37986
15.38613
15.39233
15.40190
15.40803
15.41391
15.42054
15.42632
15.43218
15.43830
15.44905
15.45696
15.46345
15.46907
15.47564
15.48143
15.48780
15.49735
15.50342
15.50938
15.51766
15.52532
15.53131
15.53753
15.54886
15.55606
15.56192
15.56763
15.57333
15.57939
15.58592
15.59521
15.60156
15.60713
15.61285
15.61883
15.62614
15.63310
15.64315
15.65060
15.65642
15.66214
15.66787
15.67359
15.67956
15.69075
15.69775
15.70326
15.70896
15.71472
15.72051
15.72641
15.73551
15.74143
15.74710
15.75288
15.76046
15.76721
15.77369
15.78400
15.79106
15.79679
15.80289
15.80863
15.81436
15.81999
15.82914
15.83498
15.83498
15.83498
15.83498
15.83498
15.83498
15.83498
15.83498
15.83498
15.83498
15.83498
15.83498
15.83498
15.83498
15.83498
15.83498
15.83498
15.83498
15.83498
15.83498
15.83498
15.83498
15.83498
15.83498
15.83498
15.83498
15.83498
15.83498
15.83498
15.83498
15.83498
15.83498
15.83498
15.83498
15.83498
15.83498
15.83498
15.83498
15.83498
15.83498
15.83498
15.83498
15.83498
15.83498
15.83498
15.83498
15.83498
15.83498
15.83498
15.83498
15.83498
15.83498
15.83498
15.83498
15.83498
15.83498
15.83498
15.83498
15.83498
15.83498
15.83498
15.83498
15.83498
15.83498
15.83498
15.83498
15.83498
15.83498
15.83498
15.83498
15.83498
15.83498
15.83498
15.83498
15.83498
15.83498
15.83498
15.83498
15.83498
15.83498
15.83498
15.83498
15.83498
15.83498
15.83498
15.83498
15.83498
15.83498
15.83498
15.83498
15.83498
15.83498
15.83498
15.83498
15.83498
15.83498
15.83498
15.83498
15.83498
15.83498
15.83498
15.83498
15.83498
15.83498
15.83498
15.83498
15.83498
15.83498
15.83498
15.83498
15.83498
15.83498
15.83498
15.83498
15.83498
15.83498
15.83498
15.83498
15.83498
15.83498
15.83498
15.83498
15.83498
15.83498
15.83498
15.83498
15.83498
15.83498
15.83498
15.83498
15.83498
15.83498
15.83498
15.83498
15.83498
15.83498
15.84070
15.84655
15.85569
15.86191
15.86809
15.87413
15.87982
15.88564
15.89144
15.89754
15.90666
15.91283
15.91849
15.92388
15.92972
15.93526
15.94145
15.94736
15.95701
15.96294
15.97150
15.97890
15.98495
15.99078
15.99735
16.00765
16.01477
16.02048
16.02714
16.03273
16.03860
16.04451
16.05396
16.05992
16.06567
16.07154
16.07735
16.08340
16.08915
16.09513
16.10437
16.11048
16.11839
16.12456
16.13016
16.13610
16.14195
16.15132
16.15756
16.16368
16.16965
16.17506
16.18126
16.18716
16.19645
16.20276
16.20861
16.21437
16.22004
16.22580
16.23157
16.23746
16.24645
16.25268
16.25835
16.26418
16.27007
16.27576
16.28190
16.28766
16.29710
16.30283
16.30892
16.31457
16.32017
16.32621
16.33190
16.33771
16.34789
16.36003
16.36653
16.37205
16.37810
16.38405
16.39363
16.39970
16.40610
16.41220
16.41800
16.42379
16.42969
16.43886
16.44494
16.45130
16.45702
16.46309
16.46875
16.47490
16.48417
16.49074
16.49949
16.50527
16.51092
16.51689
16.52265
16.53189
16.53773
16.54360
16.54987
16.55566
16.56205
16.56773
16.57701
16.58262
16.58844
16.59409
16.59982
16.60588
16.61173
16.61787
16.62673
16.63281
16.63847
16.64513
16.65079
16.65648
16.66216
16.66793
16.67751
16.68355
16.68973
16.69541
16.70188
16.70760
16.71366
16.72289
16.72893
16.73465
16.74056
16.74636
16.75204
16.75796
16.76369
16.77314
16.77875
16.78460
16.79041
16.79629
16.80259
16.80835
16.81456
16.82356
16.82954
16.83507
16.84145
16.84714
16.85302
16.85894
16.86502
16.87666
16.88272
16.88850
16.89420
16.90002
16.90561
16.91241
16.92128
16.92732
16.93312
16.93908
16.94499
16.95516
16.96111
16.97036
16.97651
16.98268
16.98848
16.99430
17.00019
17.00627
17.01546
17.02169
17.02781
17.03356
17.03970
17.04525
17.05143
17.06049
17.06742
17.07316
17.07892
17.08467
17.09031
17.09674
17.10601
17.11204
17.11774
17.12374
17.12940
17.13543
17.14150
17.14740
17.15708
17.16285
17.16854
17.17427
17.18039
17.18636
17.19224
17.19819
17.20739
17.21329
17.21925
17.22511
17.23092
17.23697
17.24263
17.25097
17.25978
17.26605
17.27178
17.27778
17.28330
17.28922
17.29501
17.30101
17.30997
17.31594
17.32190
17.32746
17.33359
17.33927
17.34476
17.35140
17.36087
17.36680
17.37249
17.37842
17.38407
17.38984
17.39574
17.40183
17.41102
17.41696
17.42286
17.42842
17.43430
17.43995
17.44600
17.45220
17.46168
17.46736
17.47317
17.47917
17.48462
17.49073
17.49631
17.50237
17.51167
17.51782
17.52342
17.52948
17.53531
17.54116
17.54736
17.55808
17.56407
17.56975
17.57601
17.58174
17.58753
17.59326
17.60281
17.60857
17.61450
17.62238
17.62842
17.63417
17.63997
17.64904
17.65500
17.66145
17.66716
17.67309
17.67859
17.68454
17.69016
17.69928
17.70504
17.71096
17.71669
17.72229
17.72802
17.73381
17.73960
17.74901
17.75507
17.76100
17.76658
17.77236
17.77826
17.78414
17.78970
17.79895
17.80455
17.81090
17.81659
17.82247
17.82827
17.83402
17.83980
17.84891
17.85520
17.86115
17.86703
17.87277
17.87840
17.88444
17.89008
17.89930
17.90499
17.91138
17.91692
17.92264
17.92824
17.93390
17.94009
17.94916
17.95515
17.96122
17.96740
17.97297
17.97881
17.98447
17.99262
18.00174
18.00813
18.01408
18.01970
18.02575
18.03130
18.03729
18.04304
18.05278
18.05839
18.06440
18.06996
18.07569
18.08157
18.08739
18.09328
18.10233
18.10827
18.11417
18.11997
18.12570
18.13162
18.13776
18.14325
18.15822
18.16472
18.17054
18.17664
18.18242
18.18811
18.19404
18.20326
18.20941
18.21532
18.22139
18.22696
18.23298
18.23910
18.23910
18.23910
18.23910
18.23910
18.23910
18.23910
18.23910
18.23910
18.23910
18.23910
18.23910
18.23910
18.23910
18.23910
18.23910
18.23910
18.23910
18.23910
18.23910
18.23910
18.23910
18.23910
18.23910
18.23910
18.23910
18.23910
18.23910
18.23910
18.23910
18.23910
18.23910
18.23910
18.23910
18.23910
18.23910
18.23910
18.23910
18.23910
18.23910
18.23910
18.23910
18.23910
18.23910
18.23910
18.23910
18.23910
18.23910
18.23910
18.23910
18.23910
18.23910
18.23910
18.23910
18.23910
18.23910
18.23910
18.23910
18.23910
18.23910
18.23910
18.23910
18.23910
18.23910
18.23910
18.23910
18.23910
18.23910
18.23910
18.23910
18.23910
18.23910
18.23910
18.23910
18.23910
18.23910
18.23910
18.23910
18.23910
18.23910
18.23910
18.23910
18.23910
18.23910
18.23910
18.23910
18.23910
18.23910
18.23910
18.23910
18.23910
18.23910
18.23910
18.23910
18.23910
18.23910
18.23910
18.23910
18.23910
18.23910
18.23910
18.23910
18.23910
18.23910
18.23910
18.23910
18.23910
18.23910
18.23910
18.23910
18.23910
18.23910
18.23910
18.23910
18.23910
18.23910
18.23910
18.23910
18.23910
18.23910
18.23910
18.23910
18.23910
18.23910
18.23910
18.23910
18.23910
18.23910
18.23910
18.23910
18.23910
18.23910
18.23910
18.23910
18.23910
18.23910
18.23910
18.23910
18.23910
18.23910
18.23910
18.23910
18.23910
18.23910
18.23910
18.23910
18.23910
18.23910
18.23910
18.23910
18.23910
18.23910
18.23910
18.23910
18.23910
18.23910
18.23910
18.23910
18.23910
18.23910
18.23910
18.23910
18.23910
18.23910
18.23910
18.23910
18.23910
18.23910
18.23910
18.23910
18.23910
18.23910
18.23910
18.23313
18.22146
18.21555
18.20619
18.20023
18.19423
18.18816
18.18227
18.17636
18.17001
18.16095
18.15451
18.14858
18.14293
18.13714
18.13156
18.12527
18.11947
18.11009
18.10442
18.09826
18.09050
18.08459
18.07876
18.07290
18.06376
18.05756
18.05167
18.04585
18.03997
18.03444
18.02821
18.02228
18.01222
18.00665
18.00095
17.99500
17.98903
17.98285
17.97711
17.96752
17.96163
17.95577
17.95003
17.94374
17.93803
17.93240
17.92659
17.91738
17.91148
17.90556
17.89977
17.89374
17.88793
17.88231
17.87638
17.86698
17.86105
17.85524
17.84954
17.84367
17.83791
17.83212
17.82633
17.81691
17.81091
17.80492
17.79894
17.79329
17.78761
17.78190
17.77561
17.76661
17.76039
17.75451
17.74850
17.74262
17.73688
17.73106
17.72285
17.71337
17.70740
17.70154
17.69587
17.68988
17.68405
17.67767
17.66839
17.66210
17.65642
17.65041
17.64461
17.63875
17.63256
17.62037
17.61448
17.60818
17.60188
17.59621
17.59009
17.58404
17.57501
17.56896
17.56254
17.55683
17.55118
17.54546
17.53963
17.53351
17.52390
17.51786
17.51182
17.50584
17.50020
17.49452
17.48862
17.48254
17.47314
17.46703
17.46121
17.45546
17.44956
17.44388
17.43777
17.43193
17.42241
17.41648
17.41058
17.40466
17.39884
17.39281
17.38680
17.37725
17.37144
17.36547
17.35962
17.35372
17.34571
17.33763
17.32731
17.32032
17.31389
17.30631
17.29898
17.29292
17.28711
17.27612
17.26873
17.26291
17.25689
17.25097
17.24532
17.23893
17.22991
17.22347
17.21765
17.21147
17.20564
17.19967
17.19342
17.18396
17.17790
17.17211
17.16617
17.16042
17.15444
17.14822
17.13877
17.13283
17.12669
17.12073
17.11465
17.10859
17.10257
17.09333
17.08689
17.08078
17.07509
17.06909
17.06324
17.05735
17.04841
17.04232
17.03665
17.02996
17.02323
17.01734
17.01095
16.99991
16.99248
16.98639
16.97877
16.97158
16.96554
16.95265
16.94549
16.93965
16.93335
16.92740
16.92161
16.91546
16.90598
16.90020
16.89413
16.88804
16.88240
16.87661
16.87062
16.86276
16.85217
16.84377
16.83684
16.82888
16.82175
16.81547
16.80511
16.79795
16.79184
16.78601
16.77997
16.77382
16.76819
16.75885
16.75292
16.74678
16.74091
16.73509
16.72922
16.72296
16.71342
16.70738
16.70116
16.69287
16.69287
16.69287
16.69287
16.69287
16.69287
16.69287
16.69287
16.69287
16.69287
16.69287
16.69287
16.69287
16.69287
16.69287
16.69287
16.69287
16.69287
16.69287
16.69287
16.69287
16.69287
16.69287
16.69287
16.69287
16.69287
16.69287
16.69287
16.69287
16.69287
16.69287
16.69287
16.69287
16.69287
16.69287
16.69287
16.69287
16.69287
16.69287
16.69287
16.69287
16.69287
16.69287
16.69287
16.69287
16.69287
16.69287
16.69287
16.69287
16.69287
16.69287
16.69287
16.69287
16.69287
16.69287
16.69287
16.69287
16.69287
16.69287
16.69287
16.69287
16.69287
16.69287
16.69287
16.69287
16.69287
16.69287
16.69287
16.69287
16.69287
16.69287
16.69287
16.69287
16.69287
16.69287
16.69287
16.69287
16.69287
16.69287
16.69287
16.69287
16.69287
16.69287
16.69287
16.69287
16.69287
16.69287
16.69287
16.69287
16.69287
16.69287
16.69287
16.69287
16.69287
16.69287
16.69287
16.69287
16.69287
16.69287
16.69287
16.69287
16.69287
16.69287
16.69287
16.69287
16.69287
16.69287
16.69287
16.69287
16.69287
16.69287
16.69287
16.69287
16.69287
16.69287
16.69287
16.69287
16.69287
16.69287
16.69287
16.69287
16.69287
16.69287
16.69287
16.69287
16.69287
16.69287
16.69287
16.69287
16.69287
16.69287
16.69287
16.68714
16.68168
16.67305
16.66723
16.66122
16.65209
16.64591
16.64015
16.63372
16.62795
16.62211
16.61644
16.61026
16.60100
16.59525
16.58896
16.58309
16.57678
16.57101
16.56512
16.55587
16.54894
16.54310
16.53692
16.53131
16.52529
16.51908
16.50971
16.50345
16.49765
16.49165
16.48585
16.47994
16.47417
16.46814
16.45853
16.45030
16.44216
16.43416
16.42814
16.42187
16.41138
16.40380
16.39728
16.38974
16.38204
16.37626
16.36385
16.35575
16.34973
16.34339
16.33726
16.33162
16.32519
16.31581
16.30919
16.30333
16.29731
16.29174
16.28317
16.27731
16.26766
16.26176
16.25581
16.25007
16.24412
16.23820
16.23270
16.22658
16.21704
16.21109
16.20547
16.19944
16.19362
16.18763
16.18117
16.17153
16.16547
16.15907
16.15318
16.14761
16.14162
16.13571
16.12028
16.11363
16.10792
16.10163
16.09579
16.08944
16.08944
16.08944
16.08944
16.08944
16.08944
16.08944
16.08944
16.08944
16.08944
16.08944
16.08944
16.08944
16.08944
16.08944
16.08944
16.08944
16.08944
16.08944
16.08944
16.08944
16.08944
16.08944
16.08944
16.08944
16.08944
16.08944
16.08944
16.08944
16.08944
16.08944
16.08944
16.08944
16.08944
16.08944
16.08944
16.08944
16.08944
16.08944
16.08944
16.08944
16.08944
16.08944
16.08944
16.08944
16.08944
16.08944
16.08944
16.08944
16.08944
16.08944
16.08944
16.08944
16.08944
16.08944
16.08944
16.08944
16.08944
16.08944
16.08944
16.08944
16.08944
16.08944
16.08944
16.08944
16.08944
16.08944
16.08944
16.08944
16.08944
16.08944
16.08944
16.08944
16.08944
16.08944
16.08944
16.08944
16.08944
16.08944
16.08944
16.08944
16.08944
16.08944
16.08944
16.08944
16.08944
16.08944
16.08944
16.08944
16.08944
16.08944
16.08944
16.08944
16.08944
16.08944
16.08944
16.08944
16.08944
16.08944
16.08944
16.08944
16.08944
16.08944
16.08944
16.08944
16.08944
16.08944
16.08944
16.08944
16.08944
16.08944
16.08944
16.08944
16.08944
16.08944
16.08944
16.08944
16.08944
16.08944
16.08944
16.08944
16.08944
16.08944
16.08944
16.08944
16.08944
16.08944
16.08944
16.08944
16.08944
16.08944
16.08944
16.08944
16.08944
16.08330
16.07425
16.06805
16.06211
16.05530
16.04910
16.04244
16.03632
16.02457
16.01784
16.00299
15.99660
15.98888
15.97818
15.97102
15.96480
15.95894
15.95291
15.94727
15.94111
15.93180
15.92548
15.91954
15.91348
15.90777
15.90178
15.89590
15.88634
15.88016
15.87417
15.86820
15.86254
15.85635
15.85018
15.84095
15.83514
15.82884
15.81625
15.81000
15.80383
15.79427
15.78817
15.78206
15.77630
15.77000
15.76435
15.75817
15.74910
15.74293
15.73708
15.73116
15.72538
15.71955
15.71344
15.70782
15.69788
15.69195
15.68603
15.68027
15.67393
15.66841
15.66256
15.65349
15.64737
15.64160
15.63334
15.62774
15.62188
15.61604
15.60688
15.60099
15.59493
15.58878
15.58252
15.57652
15.57033
15.56067
15.55464
15.54869
15.54306
15.53730
15.53152
15.52587
15.51970
15.51045
15.50421
15.49796
15.49189
15.48598
15.47956
15.47357
15.46442
15.45843
15.45271
15.44687
15.44131
15.43461
15.42857
15.41901
15.41290
15.40662
15.40039
15.39435
15.38807
15.38198
15.37243
15.36647
15.36032
15.35416
15.34791
15.33999
15.33260
15.32171
15.31425
15.30606
15.30021
15.29422
15.28827
15.28228
15.27172
15.26420
15.25581
15.24955
15.24376
15.23773
15.23170
15.21798
15.21161
15.20538
15.19928
15.19306
15.18712
15.18104
15.17170
15.16531
15.15948
15.15359
15.14799
15.14182
15.13541
15.12560
15.11957
15.11349
15.10769
15.10180
15.09594
15.09000
15.08057
15.07451
15.06856
15.06295
15.05697
15.05120
15.04489
15.03536
15.02918
15.02301
15.01673
15.00843
15.00066
14.99435
14.98259
14.97451
14.96847
14.96253
14.95640
14.95044
14.94425
14.93363
14.92617
14.92014
14.91402
14.90819
14.90187
14.89548
14.88560
14.87958
14.87368
14.86523
14.85734
14.85019
14.83927
14.83190
14.82540
14.81766
14.81061
14.80409
14.79358
14.78636
14.78030
14.77381
14.76823
14.76221
14.75643
14.74707
14.74071
14.73472
14.73472
14.73472
14.73472
14.73472
14.73472
14.73472
14.73472
14.73472
14.73472
14.73472
14.73472
14.73472
14.73472
14.73472
14.73472
14.73472
14.73472
14.73472
14.73472
14.73472
14.73472
14.73472
14.73472
14.73472
14.73472
14.73472
14.73472
14.73472
14.73472
14.73472
14.73472
14.73472
14.73472
14.73472
14.73472
14.73472
14.73472
14.73472
14.73472
14.73472
14.73472
14.73472
14.73472
14.73472
14.73472
14.73472
14.73472
14.73472
14.73472
14.73472
14.73472
14.73472
14.73472
14.73472
14.73472
14.73472
14.73472
14.73472
14.73472
14.73472
14.73472
14.73472
14.73472
14.73472
14.73472
14.73472
14.73472
14.73472
14.73472
14.73472
14.73472
14.73472
14.73472
14.73472
14.73472
14.73472
14.73472
14.73472
14.73472
14.73472
14.73472
14.73472
14.73472
14.73472
14.73472
14.73472
14.73472
14.73472
14.73472
14.73472
14.73472
14.73472
14.73472
14.73472
14.73472
14.73472
14.73472
14.73472
14.73472
14.73472
14.73472
14.73472
14.73472
14.73472
14.73472
14.73472
14.73472
14.73472
14.73472
14.73472
14.73472
14.73472
14.73472
14.73472
14.73472
14.73472
14.73472
14.73472
14.73472
14.73472
14.73472
14.73472
14.73472
14.73472
14.72873
14.72303
14.71698
14.71074
14.70477
14.69563
14.68922
14.68135
14.67370
14.66805
14.66160
14.65561
14.64477
14.63793
14.63172
14.62568
14.61935
14.61372
14.60774
14.59814
14.59195
14.58575
14.57967
14.57365
14.56794
14.56190
14.55038
14.54439
14.53851
14.53242
14.52676
14.52022
14.51430
14.50450
14.49642
14.48828
14.48213
14.47553
14.46941
14.46315
14.45233
14.44497
14.43878
14.43250
14.42670
14.42039
14.41447
14.40486
14.39716
14.38958
14.38191
14.37591
14.37000
14.36336
14.35273
14.34554
14.33938
14.33340
14.32752
14.31172
14.30237
14.29577
14.28971
14.28386
14.27807
14.27209
14.26580
14.25636
14.25017
14.24432
14.23799
14.23222
14.22593
14.21988
14.21054
14.20430
14.19576
14.18844
14.18045
14.17440
14.16373
14.15642
14.14833
14.14213
14.13600
14.13600
14.13600
14.13600
14.13600
14.13600
14.13600
14.13600
14.13600
14.13600
14.13600
14.13600
14.13600
14.13600
14.13600
14.13600
14.13600
14.13600
14.13600
14.13600
14.13600
14.13600
14.13600
14.13600
14.13600
14.13600
14.13600
14.13600
14.13600
14.13600
14.13600
14.13600
14.13600
14.13600
14.13600
14.13600
14.13600
14.13600
14.13600
14.13600
14.13600
14.13600
14.13600
14.13600
14.13600
14.13600
14.13600
14.13600
14.13600
14.13600
14.13600
14.13600
14.13600
14.13600
14.13600
14.13600
14.13600
14.13600
14.13600
14.13600
14.13600
14.13600
14.13600
14.13600
14.13600
14.13600
14.13600
14.13600
14.13600
14.13600
14.13600
14.13600
14.13600
14.13600
14.13600
14.13600
14.13600
14.13600
14.13600
14.13600
14.13600
14.13600
14.13600
14.13600
14.13600
14.13600
14.13600
14.13600
14.13600
14.13600
14.13600
14.13600
14.13600
14.13600
14.13600
14.13600
14.13600
14.13600
14.13600
14.13600
14.13600
14.13600
14.13600
14.13600
14.13600
14.13600
14.13600
14.13600
14.13600
14.13600
14.13600
14.13600
14.13600
14.13600
14.13600
14.13600
14.13600
14.13600
14.13600
14.13600
14.13600
14.13600
14.13600
14.13600
14.13600
14.13600
14.13600
14.13600
14.13600
14.13600
14.13600
14.13600
14.13600
14.13600
14.13009
14.12429
14.11506
14.10879
14.10280
14.09694
14.09106
14.08479
14.07889
14.06925
14.06340
14.05693
14.04869
14.04063
14.03474
14.02802
14.01386
14.00695
14.00029
13.99452
13.98806
13.98199
13.97261
13.96666
13.96006
13.95403
13.94822
13.94216
13.93603
13.92664
13.92048
13.91457
13.90614
13.89971
13.89389
13.88742
13.87828
13.87179
13.86571
13.85968
13.85391
13.84815
13.84235
13.83284
13.82609
13.82010
13.81428
13.80834
13.80230
13.79603
13.78636
13.78036
13.77407
13.76835
13.76230
13.75609
13.75006
13.74042
13.73396
13.72809
13.72223
13.71618
13.71046
13.70429
13.69498
13.68864
13.68281
13.67633
13.67034
13.66456
13.65879
13.64889
13.64277
13.63654
13.63020
13.62438
13.61854
13.61256
13.60310
13.59637
13.59035
13.58454
13.57840
13.57240
13.56621
13.55693
13.55057
13.54463
13.53604
13.53001
13.52390
13.51791
13.50775
13.50196
13.49557
13.48970
13.48386
13.47777
13.47182
13.46216
13.45575
13.44954
13.44366
13.43761
13.43188
13.42512
13.40958
13.40375
13.39748
13.39128
13.38519
13.37896
13.36947
13.36338
13.35727
13.35087
13.34473
13.33680
13.32945
13.31885
13.31121
13.30474
13.29595
13.28905
13.28256
13.27175
13.26419
13.25841
13.25231
13.24635
13.24009
13.23407
13.22423
13.21843
13.21172
13.20557
13.19909
13.19302
13.18626
13.17694
13.17044
13.16474
13.15834
13.15026
13.14417
13.13815
13.12882
13.12274
13.11639
13.11046
13.10459
13.09857
13.09263
13.08306
13.07688
13.07038
13.06452
13.05812
13.05239
13.04629
13.03700
13.03017
13.02419
13.01816
13.01209
13.00538
12.99689
12.98589
12.97816
12.97209
12.96597
12.95975
12.95400
12.94784
12.93735
12.92980
12.92369
12.91776
12.91152
12.90544
12.89947
12.89021
12.88424
12.87814
12.87136
12.86357
12.85592
12.84965
12.83915
12.83148
12.82526
12.81373
12.80619
12.79980
12.78893
12.78893
12.78893
12.78893
12.78893
12.78893
12.78893
12.78893
12.78893
12.78893
12.78893
12.78893
12.78893
12.78893
12.78893
12.78893
12.78893
12.78893
12.78893
12.78893
12.78893
12.78893
12.78893
12.78893
12.78893
12.78893
12.78893
12.78893
12.78893
12.78893
12.78893
12.78893
12.78893
12.78893
12.78893
12.78893
12.78893
12.78893
12.78893
12.78893
12.78893
12.78893
12.78893
12.78893
12.78893
12.78893
12.78893
12.78893
12.78893
12.78893
12.78893
12.78893
12.78893
12.78893
12.78893
12.78893
12.78893
12.78893
12.78893
12.78893
12.78893
12.78893
12.78893
12.78893
12.78893
12.78893
12.78893
12.78893
12.78893
12.78893
12.78893
12.78893
12.78893
12.78893
12.78893
12.78893
12.78893
12.78893
12.78893
12.78893
12.78893
12.78893
12.78893
12.78893
12.78893
12.78893
12.78893
12.78893
12.78893
12.78893
12.78893
12.78893
12.78893
12.78893
12.78893
12.78893
12.78893
12.78893
12.78893
12.78893
12.78893
12.78893
12.78893
12.78893
12.78893
12.78893
12.78893
12.78893
12.78893
12.78893
12.78893
12.78893
12.78893
12.78893
12.78893
12.78893
12.78893
12.78893
12.78893
12.78893
12.78893
12.78893
12.78893
12.78893
12.78893
12.78893
12.78893
12.78893
12.78893
12.78893
12.78893
12.78230
12.77608
12.77013
12.76418
12.75817
12.75164
12.74228
12.73557
12.72977
12.72372
12.71797
12.71152
12.70554
12.69567
12.68982
12.68340
12.67531
12.66720
12.66120
12.65493
12.64421
12.63710
12.63100
12.62486
12.61895
12.61242
12.60644
12.59717
12.59108
12.58482
12.57888
12.57292
12.56674
12.56043
12.54856
12.54052
12.53483
12.52839
12.51660
12.51048
12.49762
12.48991
12.48392
12.47782
12.47155
12.46564
12.45967
12.45050
12.44452
12.43850
12.43271
12.42666
12.42067
12.41440
12.40504
12.39872
12.39244
12.38422
12.37700
12.37097
12.36489
12.35393
12.34642
12.34048
12.33448
12.32834
12.32253
12.31572
12.30657
12.30038
12.29453
12.28810
12.28221
12.27580
12.26984
12.26065
12.25446
12.24806
12.24206
12.23580
12.22979
12.22339
12.21196
12.20379
12.19574
12.18964
12.18964
12.18964
12.18964
12.18964
12.18964
12.18964
12.18964
12.18964
12.18964
12.18964
12.18964
12.18964
12.18964
12.18964
12.18964
12.18964
12.18964
12.18964
12.18964
12.18964
12.18964
12.18964
12.18964
12.18964
12.18964
12.18964
12.18964
12.18964
12.18964
12.18964
12.18964
12.18964
12.18964
12.18964
12.18964
12.18964
12.18964
12.18964
12.18964
12.18964
12.18964
12.18964
12.18964
12.18964
12.18964
12.18964
12.18964
12.18964
12.18964
12.18964
12.18964
12.18964
12.18964
12.18964
12.18964
12.18964
12.18964
12.18964
12.18964
12.18964
12.18964
12.18964
12.18964
12.18964
12.18964
12.18964
12.18964
12.18964
12.18964
12.18964
12.18964
12.18964
12.18964
12.18964
12.18964
12.18964
12.18964
12.18964
12.18964
12.18964
12.18964
12.18964
12.18964
12.18964
12.18964
12.18964
12.18964
12.18964
12.18964
12.18964
12.18964
12.18964
12.18964
12.18964
12.18964
12.18964
12.18964
12.18964
12.18964
12.18964
12.18964
12.18964
12.18964
12.18964
12.18964
12.18964
12.18964
12.18964
12.18964
12.18964
12.18964
12.18964
12.18964
12.18964
12.18964
12.18964
12.18964
12.18964
12.18964
12.18964
12.18964
12.18964
12.18964
12.18964
12.18964
12.18964
12.18964
12.18964
12.18355
12.17752
12.17146
12.16546
12.15908
12.14996
12.14358
12.13719
12.13100
12.12502
12.11927
12.11313
12.10333
12.09522
12.08690
12.08124
12.07478
12.06872
12.06229
12.05188
12.04472
12.03867
12.03213
12.02630
12.02010
12.01414
12.00413
11.99812
11.99157
11.98563
11.97999
11.97394
11.96810
11.95844
11.95242
11.94608
11.94001
11.93385
11.92781
11.92152
11.91205
11.90576
11.89976
11.89367
11.88740
11.88146
11.87511
11.86275
11.85676
11.85055
11.84446
11.83864
11.83224
11.82623
11.81631
11.81031
11.80385
11.79799
11.79135
11.78547
11.77918
11.76964
11.76318
11.75687
11.75069
11.74474
11.73856
11.73253
11.72289
11.71650
11.71027
11.70422
11.69834
11.69186
11.68585
11.67647
11.67032
11.66389
11.65776
11.65155
11.64537
11.63842
11.62880
11.62101
11.61412
11.60777
11.60174
11.59515
11.58905
11.57919
11.57269
11.56636
11.56024
11.55400
11.54800
11.54184
11.53242
11.52565
11.51975
11.51394
11.50795
11.50183
11.49271
11.48347
11.47730
11.47067
11.46461
11.45892
11.45273
11.44684
11.43680
11.43082
11.42509
11.41877
11.41278
11.40665
11.40053
11.39061
11.38449
11.37771
11.37180
11.36610
11.36020
11.35406
11.34435
11.33750
11.32956
11.32248
11.31652
11.31023
11.30347
11.29200
11.28483
11.27890
11.27270
11.26621
11.26013
11.25368
11.24433
11.23765
11.23162
11.22552
11.21965
11.21352
11.20731
11.19758
11.19130
11.18508
11.17897
11.17251
11.16623
11.16009
11.15036
11.14408
11.13780
11.13185
11.12566
11.11745
11.11114
11.10189
11.09600
11.09000
11.08372
11.07784
11.07175
11.06568
11.05613
11.05028
11.04410
11.03771
11.03151
11.02544
11.01105
11.00101
10.99443
10.98614
10.97901
10.97060
10.96444
10.95378
10.94609
10.94031
10.93409
10.92794
10.92192
10.91544
10.90542
10.89939
10.89343
10.88672
10.88084
10.87463
10.86830
10.85659
10.84904
10.84263
10.83647
10.83647
10.83647
10.83647
10.83647
10.83647
10.83647
10.83647
10.83647
10.83647
10.83647
10.83647
10.83647
10.83647
10.83647
10.83647
10.83647
10.83647
10.83647
10.83647
10.83647
10.83647
10.83647
10.83647
10.83647
10.83647
10.83647
10.83647
10.83647
10.83647
10.83647
10.83647
10.83647
10.83647
10.83647
10.83647
10.83647
10.83647
10.83647
10.83647
10.83647
10.83647
10.83647
10.83647
10.83647
10.83647
10.83647
10.83647
10.83647
10.83647
10.83647
10.83647
10.83647
10.83647
10.83647
10.83647
10.83647
10.83647
10.83647
10.83647
10.83647
10.83647
10.83647
10.83647
10.83647
10.83647
10.83647
10.83647
10.83647
10.83647
10.83647
10.83647
10.83647
10.83647
10.83647
10.83647
10.83647
10.83647
10.83647
10.83647
10.83647
10.83647
10.83647
10.83647
10.83647
10.83647
10.83647
10.83647
10.83647
10.83647
10.83647
10.83647
10.83647
10.83647
10.83647
10.83647
10.83647
10.83647
10.83647
10.83647
10.83647
10.83647
10.83647
10.83647
10.83647
10.83647
10.83647
10.83647
10.83647
10.83647
10.83647
10.83647
10.83647
10.83647
10.83647
10.83647
10.83647
10.83647
10.83647
10.83647
10.83647
10.83647
10.83647
10.83647
10.83647
10.83647
10.83647
10.83647
10.83027
10.82412
10.81753
10.80787
10.80146
10.79552
10.78946
10.78353
10.77736
10.77123
10.76169
10.75565
10.74971
10.74362
10.73736
10.73092
10.72500
10.71269
10.70624
10.69968
10.69340
10.68708
10.68076
10.67234
10.66084
10.65386
10.64759
10.64156
10.63538
10.62940
10.62330
10.61366
10.60696
10.59881
10.59062
10.58470
10.57780
10.56692
10.55970
10.55377
10.54737
10.54136
10.53527
10.52934
10.51973
10.51384
10.50681
10.50092
10.49511
10.48921
10.48317
10.47165
10.46515
10.45912
10.45267
10.44675
10.44081
10.43455
10.42513
10.41909
10.41290
10.40674
10.40093
10.39478
10.38845
10.37660
10.36880
10.36261
10.35641
10.35034
10.34445
10.33836
10.32737
10.31997
10.31361
10.30725
10.30130
10.29524
10.28881
10.27946
10.27336
10.26692
10.26111
10.25506
10.24926
10.24287
10.23361
10.22728
10.22105
10.21325
10.20573
10.19738
10.18650
10.17902
10.17273
10.16676
10.16064
10.15441
10.14856
10.13865
10.13237
10.12611
10.11416
10.10787
10.10171
10.08990
10.08358
10.07720
10.07081
10.06491
10.05883
10.05255
10.04298
10.03663
10.03663
10.03663
10.03663
10.03663
10.03663
10.03663
10.03663
10.03663
10.03663
10.03663
10.03663
10.03663
10.03663
10.03663
10.03663
10.03663
10.03663
10.03663
10.03663
10.03663
10.03663
10.03663
10.03663
10.03663
10.03663
10.03663
10.03663
10.03663
10.03663
10.03663
10.03663
10.03663
10.03663
10.03663
10.03663
10.03663
10.03663
10.03663
10.03663
10.03663
10.03663
10.03663
10.03663
10.03663
10.03663
10.03663
10.03663
10.03663
10.03663
10.03663
10.03663
10.03663
10.03663
10.03663
10.03663
10.03663
10.03663
10.03663
10.03663
10.03663
10.03663
10.03663
10.03663
10.03663
10.03663
10.03663
10.03663
10.03663
10.03663
10.03663
10.03663
10.03663
10.03663
10.03663
10.03663
10.03663
10.03663
10.03663
10.03663
10.03663
10.03663
10.03663
10.03663
10.03663
10.03663
10.03663
10.03663
10.03663
10.03663
10.03663
10.03663
10.03663
10.03663
10.03663
10.03663
10.03663
10.03663
10.03663
10.03663
10.03663
10.03663
10.03663
10.03663
10.03663
10.03663
10.03663
10.03663
10.03663
10.03663
10.03663
10.03663
10.03663
10.03663
10.03663
10.03663
10.03663
10.03663
10.03663
10.03663
10.03663
10.03663
10.03663
10.03663
10.03663
10.03663
10.03663
10.03663
10.03663
10.03663
10.03663
10.02718
10.02115
10.01512
10.00870
10.00274
9.99632
9.99028
9.98012
9.97375
9.96681
9.96053
9.95353
9.94567
9.93765
9.92665
9.91956
9.91312
9.90727
9.90132
9.89532
9.88897
9.87900
9.87294
9.86695
9.85861
9.85267
9.84661
9.84026
9.83078
9.82483
9.81757
9.80820
9.80191
9.79598
9.78985
9.78029
9.77384
9.76777
9.76155
9.75520
9.74897
9.74259
9.73319
9.72684
9.72058
9.71388
9.70789
9.70118
9.69521
9.68552
9.67886
9.67260
9.66678
9.66047
9.65433
9.64829
9.63901
9.63275
9.62661
9.62058
9.61431
9.60855
9.60167
9.59228
9.58626
9.58032
9.57376
9.56782
9.56131
9.55550
9.54545
9.53932
9.53293
9.52688
9.52066
9.51496
9.50867
9.49932
9.49060
9.48449
9.47796
9.47197
9.46571
9.45922
9.44934
9.44323
9.43686
9.43048
9.42443
9.41811
9.41210
9.40246
9.39622
9.38998
9.38406
9.37770
9.37137
9.36501
9.35560
9.34888
9.34292
9.33665
9.33072
9.32431
9.31813
9.30829
9.30213
9.29594
9.28992
9.28391
9.27776
9.27181
9.26207
9.25598
9.24929
9.24327
9.23680
9.23074
9.22371
9.21191
9.20550
9.19883
9.19239
9.18609
9.17956
9.17347
9.16400
9.15795
9.15196
9.14608
9.13944
9.13344
9.12695
9.11503
9.10847
9.10258
9.09626
9.09045
9.08417
9.07777
9.06818
9.06195
9.05566
9.04941
9.04340
9.03755
9.03181
9.02210
9.01564
9.00963
9.00342
8.99727
8.99147
8.98520
8.97578
8.96930
8.96327
8.95694
8.95095
8.94495
8.93852
8.92889
8.92276
8.91627
8.91036
8.90423
8.89813
8.89167
8.88181
8.87559
8.86907
8.86301
8.85679
8.85091
8.84433
8.83529
8.82861
8.82264
8.81634
8.81033
8.80393
8.79772
8.78802
8.78182
8.77532
8.76874
8.76281
8.75445
8.74823
8.73876
8.73240
8.72647
8.72011
8.71417
8.70794
8.70161
8.69201
8.68576
8.67932
8.67318
8.66716
8.66096
8.65503
8.64520
8.63917
8.63270
8.62682
8.62048
8.60944
8.59970
8.59316
8.58684
8.58069
8.57440
8.56856
8.56226
8.55302
8.54694
8.54097
8.53444
8.52838
8.52205
8.51584
8.50619
8.49966
8.49323
8.48722
8.48089
8.47470
8.46844
8.45886
8.45260
8.44680
8.44081
8.43428
8.42844
8.42183
8.41242
8.40595
8.40001
8.39356
8.38549
8.37883
8.37287
8.36303
8.35708
8.35081
8.34505
8.33850
8.33259
8.32630
8.31684
8.31039
8.30419
8.29829
8.29204
8.28584
8.27947
8.27020
8.26360
8.25778
8.25171
8.24582
8.23939
8.23312
8.22354
8.21754
8.21164
8.20566
8.19902
8.19301
8.18708
8.17028
8.15888
8.14783
8.13782
8.12735
8.11709
8.10599
8.08975
8.07907
8.06907
8.05838
8.04840
8.03758
8.02727
8.01103
8.00073
7.99051
7.98024
7.96969
7.95957
7.94948
7.93341
7.92285
7.90863
7.89286
7.87823
7.86741
7.85116
7.84114
7.83053
7.81999
7.81020
7.80010
7.79009
7.77391
7.76406
7.75360
7.74396
7.73356
7.72354
7.71257
7.69709
7.68641
7.67690
7.66640
7.65590
7.64610
7.63595
7.62039
7.61059
7.60078
7.59135
7.58184
7.57180
7.56227
7.54664
7.53694
7.52671
7.51750
7.50757
7.49847
7.48868
7.47358
7.46384
7.45443
7.44470
7.43500
7.42565
7.41576
7.40125
7.39180
7.38230
7.37230
7.36315
7.35379
7.34452
7.32976
7.32002
7.30717
7.29762
7.28826
7.27922
7.26938
7.25545
7.24556
7.23669
7.22681
7.21817
7.20945
7.19988
7.18562
7.17680
7.16803
7.15935
7.15058
7.14178
7.13312
7.11919
7.11025
7.10151
7.09290
7.08420
7.07600
7.06633
7.05357
7.04456
7.03621
7.02729
7.01926
7.01056
7.00245
6.98969
6.98001
6.97005
6.96231
6.95339
6.94534
6.93706
6.92499
6.91670
6.90938
6.90138
6.89374
6.88578
6.87821
6.86610
6.85822
6.85059
6.84346
6.83621
6.82844
6.82142
6.80777
6.79974
6.79299
6.78604
6.77900
6.77223
6.76547
6.75504
6.74801
6.74154
6.73488
6.72851
6.72162
6.71522
6.70532
6.70526
6.70520
6.70515
6.70509
6.70503
6.70496
6.70488
6.70482
6.70476
6.70470
6.70464
6.70458
6.70452
6.70443
6.70437
6.70431
6.70426
6.70420
6.70415
6.70409
6.70400
6.70395
6.70389
6.70383
6.70377
6.70372
6.70366
6.70357
6.70352
6.70346
6.70340
6.70334
6.70328
6.70322
6.70314
6.70308
6.70303
6.70297
6.70292
6.70284
6.70278
6.70269
6.70264
6.70258
6.70252
6.70246
6.70241
6.70235
6.70227
6.70221
6.70215
6.70209
6.70199
6.70193
6.70185
6.70179
6.70173
6.70167
6.70162
6.70156
6.70150
6.70141
6.70135
6.70129
6.70124
6.70118
6.70113
6.70107
6.70098
6.70092
6.70087
6.70081
6.70075
6.70069
6.70063
6.70055
6.70049
6.70043
6.70038
6.70032
6.70026
6.70021
6.70012
6.70005
6.70000
