6.70191
6.70377
6.70591
6.70742
6.70871
6.71092
6.71232
6.71367
6.71499
6.71638
6.71770
6.71904
6.72041
6.72256
6.72394
6.72526
6.72669
6.72796
6.72927
6.73068
6.73205
6.73427
6.73612
6.73742
6.73880
6.74023
6.74156
6.74302
6.74519
6.74661
6.74795
6.74932
6.75073
6.75201
6.75336
6.75472
6.75696
6.75832
6.75970
6.76100
6.76228
6.76372
6.76509
6.76647
6.76859
6.76995
6.77126
6.77267
6.77410
6.77572
6.77709
6.77849
6.78078
6.78211
6.78364
6.78510
6.78654
6.78786
6.78934
6.79153
6.79297
6.79437
6.79582
6.79721
6.79863
6.80016
6.80325
6.80477
6.80626
6.80781
6.80915
6.81052
6.81195
6.81416
6.81552
6.81699
6.81830
6.81967
6.82096
6.82229
6.82386
6.82623
6.82830
6.82981
6.83132
6.83289
6.83433
6.83650
6.83899
6.84039
6.84181
6.84443
6.84661
6.84903
6.85127
6.85267
6.85387
6.85510
6.85639
6.85757
6.85883
6.86019
6.86236
6.86365
6.86487
6.86621
6.86748
6.86880
6.87016
6.87152
6.87377
6.87516
6.87658
6.87786
6.87922
6.88055
6.88183
6.88321
6.88533
6.88668
6.88801
6.88932
6.89066
6.89195
6.89353
6.89530
6.89779
6.89950
6.90078
6.90201
6.90336
6.90469
6.90608
6.90829
6.90962
6.91077
6.91214
6.91348
6.91472
6.91601
6.91728
6.91945
6.92066
6.92241
6.92364
6.92485
6.92617
6.92744
6.92870
6.93076
6.93202
6.93327
6.93451
6.93579
6.93734
6.93880
6.94060
6.94300
6.94435
6.94565
6.94687
6.94836
6.94959
6.95089
6.95227
6.95435
6.95575
6.95705
6.95837
6.95961
6.96088
6.96216
6.96337
6.96551
6.96677
6.96807
6.96931
6.97051
6.97181
6.97305
6.97437
6.97644
6.97771
6.97897
6.98020
6.98142
6.98270
6.98394
6.98524
6.98727
6.98859
6.99069
6.99202
6.99325
6.99460
6.99586
6.99713
6.99922
7.00541
7.01071
7.01597
7.02107
7.02673
7.03403
7.04356
7.05814
7.06347
7.06972
7.07616
7.08151
7.08656
7.09212
7.10078
7.10604
7.11148
7.11821
7.12560
7.13332
7.13982
7.15057
7.15614
7.16148
7.16658
7.17213
7.17768
7.18306
7.18878
7.19809
7.20329
7.20827
7.21349
7.21859
7.22372
7.22880
7.23432
7.24271
7.24886
7.25576
7.26259
7.26986
7.27586
7.28136
7.29074
7.29623
7.30158
7.30723
7.31254
7.31763
7.32290
7.32831
7.33707
7.34259
7.34759
7.35361
7.35894
7.36418
7.36951
7.37471
7.38370
7.38877
7.39407
7.39951
7.40473
7.41000
7.41545
7.42187
7.43264
7.43838
7.44346
7.44877
7.45402
7.45915
7.46460
7.46986
7.47857
7.48360
7.48866
7.49449
7.50120
7.50687
7.51199
7.51795
7.52650
7.53180
7.53725
7.54292
7.54818
7.55341
7.56072
7.56607
7.57462
7.58003
7.58511
7.59065
7.59600
7.60125
7.60683
7.61193
7.62178
7.62949
7.63759
7.64416
7.65068
7.65714
7.66669
7.67234
7.67805
7.68360
7.68861
7.69370
7.69927
7.70460
7.71310
7.71858
7.72548
7.73306
7.74033
7.74738
7.75403
7.76424
7.76957
7.77551
7.78106
7.78667
7.79179
7.79696
7.80346
7.81708
7.82481
7.83155
7.83751
7.84380
7.84962
7.85921
7.86472
7.87018
7.87576
7.88139
7.88768
7.89374
7.90126
7.91402
7.92043
7.92635
7.93210
7.93812
7.94451
7.94999
7.95941
7.96516
7.97065
7.97706
7.98495
7.99275
7.99981
8.00991
8.01540
8.02201
8.02734
8.03269
8.03821
8.04375
8.04940
8.05948
8.06655
8.07393
8.08129
8.08737
8.09354
8.09947
8.10939
8.11492
8.12043
8.12582
8.13183
8.13736
8.14506
8.15629
8.16615
8.17227
8.17860
8.18468
8.19067
8.19948
8.20525
8.21075
8.21585
8.22372
8.23308
8.24329
8.25608
8.26414
8.26955
8.27553
8.28137
8.28729
8.29300
8.30328
8.31304
8.32038
8.32689
8.33318
8.33988
8.34927
8.35493
8.36057
8.36589
8.37095
8.37677
8.38213
8.38751
8.39623
8.40302
8.41096
8.41903
8.42569
8.43224
8.43869
8.44804
8.45350
8.45914
8.46530
8.47053
8.47600
8.48141
8.48921
8.50232
8.50938
8.51580
8.52175
8.52743
8.53363
8.53965
8.55000
8.55712
8.56283
8.57017
8.57808
8.58570
8.59628
8.60194
8.60782
8.61401
8.61983
8.62510
8.63037
8.63574
8.64511
8.65602
8.66412
8.67123
8.67771
8.68409
8.69315
8.69862
8.70420
8.70985
8.71685
8.72471
8.73220
8.74558
8.75317
8.76222
8.76898
8.77531
8.78114
8.79143
8.79809
8.80516
8.81276
8.81986
8.82668
8.83777
8.84447
8.85067
8.85611
8.86129
8.86690
8.87319
8.88458
8.89204
8.89965
8.90560
8.91161
8.91719
8.92287
8.93175
8.93778
8.94318
8.94953
8.95635
8.96390
8.97168
8.98220
8.98809
8.99442
8.99964
9.00559
9.01130
9.01673
9.02568
9.03130
9.03782
9.04739
9.05607
9.06229
9.07301
9.08037
9.08794
9.09337
9.09845
9.10438
9.10989
9.12181
9.13037
9.13757
9.14441
9.15020
9.15594
9.16553
9.17086
9.17637
9.18167
9.18703
9.19314
9.19941
9.20737
9.22054
9.22750
9.23294
9.23872
9.24446
9.25017
9.25536
9.26429
9.26945
9.27472
9.28000
9.28517
9.29042
9.29573
9.30084
9.30955
9.31476
9.32024
9.32567
9.33287
9.34005
9.34817
9.36026
9.36696
9.37231
9.37815
9.38525
9.39220
9.39765
9.39765
9.39765
9.39765
9.39765
9.39765
9.39765
9.39765
9.39765
9.39765
9.39765
9.39765
9.39765
9.39765
9.39765
9.39765
9.39765
9.39765
9.39765
9.39765
9.39765
9.39765
9.39765
9.39765
9.39765
9.39765
9.39765
9.39765
9.39765
9.39765
9.39765
9.39765
9.39765
9.39765
9.39765
9.39765
9.39765
9.39765
9.39765
9.39765
9.39765
9.39765
9.39765
9.39765
9.39765
9.39765
9.39765
9.39765
9.39765
9.39765
9.39765
9.39765
9.39765
9.39765
9.39765
9.39765
9.39765
9.39765
9.39765
9.39765
9.39765
9.39765
9.39765
9.39765
9.39765
9.39765
9.39765
9.39765
9.39765
9.39765
9.39765
9.39765
9.39765
9.39765
9.39765
9.39765
9.39765
9.39765
9.39765
9.39765
9.39765
9.39765
9.39765
9.39765
9.39765
9.39765
9.39765
9.39765
9.39765
9.39765
9.39765
9.39765
9.39765
9.39765
9.39765
9.39765
9.39765
9.39765
9.39765
9.39765
9.39765
9.39765
9.39765
9.39765
9.39765
9.39765
9.39765
9.39765
9.39765
9.39765
9.39765
9.39765
9.39765
9.39765
9.39765
9.39765
9.39765
9.39765
9.39765
9.39765
9.39765
9.39765
9.39765
9.39765
9.39765
9.39765
9.39765
9.39765
9.39765
9.39765
9.39765
9.39765
9.39765
9.39765
9.39765
9.39765
9.39765
9.39765
9.39765
9.40638
9.41196
9.41769
9.42359
9.43024
9.43554
9.44129
9.44683
9.45567
9.46093
9.46623
9.47148
9.47686
9.48237
9.48778
9.49332
9.50201
9.50745
9.51282
9.51845
9.52394
9.52917
9.53434
9.54004
9.54865
9.55467
9.55990
9.56549
9.57049
9.57577
9.58105
9.58625
9.59522
9.60097
9.60733
9.61293
9.61852
9.62589
9.63247
9.64263
9.64895
9.65419
9.65958
9.67096
9.67850
9.68877
9.69584
9.70130
9.70674
9.71246
9.71781
9.72323
9.72878
9.73753
9.74279
9.74836
9.75602
9.76141
9.76714
9.77414
9.78437
9.79071
9.79578
9.80177
9.80860
9.81460
9.82027
9.82878
9.83432
9.83968
9.84520
9.85084
9.85637
9.86163
9.86730
9.87633
9.88204
9.88726
9.89259
9.89796
9.90415
9.90960
9.91522
9.92378
9.92947
9.93470
9.94023
9.94548
9.95068
9.95658
9.96214
9.97118
9.97637
9.98192
9.98719
9.99275
9.99852
9.99852
9.99852
9.99852
9.99852
9.99852
9.99852
9.99852
9.99852
9.99852
9.99852
9.99852
9.99852
9.99852
9.99852
9.99852
9.99852
9.99852
9.99852
9.99852
9.99852
9.99852
9.99852
9.99852
9.99852
9.99852
9.99852
9.99852
9.99852
9.99852
9.99852
9.99852
9.99852
9.99852
9.99852
9.99852
9.99852
9.99852
9.99852
9.99852
9.99852
9.99852
9.99852
9.99852
9.99852
9.99852
9.99852
9.99852
9.99852
9.99852
9.99852
9.99852
9.99852
9.99852
9.99852
9.99852
9.99852
9.99852
9.99852
9.99852
9.99852
9.99852
9.99852
9.99852
9.99852
9.99852
9.99852
9.99852
9.99852
9.99852
9.99852
9.99852
9.99852
9.99852
9.99852
9.99852
9.99852
9.99852
9.99852
9.99852
9.99852
9.99852
9.99852
9.99852
9.99852
9.99852
9.99852
9.99852
9.99852
9.99852
9.99852
9.99852
9.99852
9.99852
9.99852
9.99852
9.99852
9.99852
9.99852
9.99852
9.99852
9.99852
9.99852
9.99852
9.99852
9.99852
9.99852
9.99852
9.99852
9.99852
9.99852
9.99852
9.99852
9.99852
9.99852
9.99852
9.99852
9.99852
9.99852
9.99852
9.99852
9.99852
9.99852
9.99852
9.99852
9.99852
9.99852
9.99852
9.99852
9.99852
9.99852
9.99852
9.99852
9.99852
9.99852
9.99852
9.99852
9.99852
9.99852
9.99852
9.99852
9.99852
9.99852
9.99852
9.99852
9.99852
9.99852
9.99852
10.00377
10.00894
10.01473
10.02298
10.02853
10.03390
10.03915
10.04476
10.04995
10.05552
10.06105
10.06977
10.07538
10.08066
10.08605
10.09132
10.09662
10.10196
10.10704
10.11610
10.12141
10.12701
10.13246
10.13806
10.14349
10.14874
10.15456
10.16322
10.16887
10.17418
10.17950
10.18472
10.18987
10.19556
10.20108
10.20999
10.21537
10.22051
10.22604
10.23290
10.23948
10.24463
10.25011
10.26014
10.26704
10.27224
10.27756
10.28314
10.28875
10.29438
10.30039
10.31033
10.31659
10.32199
10.32943
10.33527
10.35069
10.35954
10.36497
10.37034
10.37565
10.38123
10.38643
10.39181
10.39721
10.40568
10.41122
10.41652
10.42196
10.42735
10.43254
10.43804
10.44376
10.45274
10.45807
10.46367
10.46903
10.47440
10.47968
10.48488
10.49158
10.50075
10.50651
10.51179
10.51729
10.52315
10.52848
10.53380
10.53934
10.54983
10.55680
10.56839
10.57432
10.58017
10.58576
10.59559
10.60374
10.60978
10.61624
10.62225
10.62810
10.63361
10.64250
10.64827
10.65379
10.65906
10.66442
10.66976
10.67540
10.68083
10.68968
10.69590
10.70203
10.70891
10.71564
10.72322
10.72880
10.73919
10.74669
10.75451
10.75975
10.76516
10.77066
10.77596
10.78588
10.79214
10.79760
10.80303
10.80844
10.81466
10.82037
10.82604
10.83484
10.84385
10.85075
10.85608
10.86131
10.86678
10.87219
10.88194
10.88824
10.89398
10.89949
10.90464
10.91014
10.91531
10.92082
10.92939
10.93490
10.94025
10.94552
10.95098
10.95623
10.96171
10.96746
10.97594
10.98139
10.98649
10.99201
10.99738
11.00267
11.00809
11.01328
11.02192
11.02765
11.03475
11.04197
11.04753
11.05302
11.05852
11.06859
11.07485
11.08034
11.08565
11.09101
11.09871
11.10431
11.11292
11.11851
11.12418
11.12936
11.13471
11.14022
11.14537
11.15088
11.16226
11.16811
11.17332
11.17883
11.18433
11.18988
11.19515
11.20094
11.20978
11.21521
11.22070
11.22601
11.23138
11.23673
11.24193
11.24762
11.25628
11.26195
11.26711
11.27272
11.27841
11.28565
11.29310
11.30352
11.30996
11.31547
11.32102
11.32875
11.33530
11.34058
11.34058
11.34058
11.34058
11.34058
11.34058
11.34058
11.34058
11.34058
11.34058
11.34058
11.34058
11.34058
11.34058
11.34058
11.34058
11.34058
11.34058
11.34058
11.34058
11.34058
11.34058
11.34058
11.34058
11.34058
11.34058
11.34058
11.34058
11.34058
11.34058
11.34058
11.34058
11.34058
11.34058
11.34058
11.34058
11.34058
11.34058
11.34058
11.34058
11.34058
11.34058
11.34058
11.34058
11.34058
11.34058
11.34058
11.34058
11.34058
11.34058
11.34058
11.34058
11.34058
11.34058
11.34058
11.34058
11.34058
11.34058
11.34058
11.34058
11.34058
11.34058
11.34058
11.34058
11.34058
11.34058
11.34058
11.34058
11.34058
11.34058
11.34058
11.34058
11.34058
11.34058
11.34058
11.34058
11.34058
11.34058
11.34058
11.34058
11.34058
11.34058
11.34058
11.34058
11.34058
11.34058
11.34058
11.34058
11.34058
11.34058
11.34058
11.34058
11.34058
11.34058
11.34058
11.34058
11.34058
11.34058
11.34058
11.34058
11.34058
11.34058
11.34058
11.34058
11.34058
11.34058
11.34058
11.34058
11.34058
11.34058
11.34058
11.34058
11.34058
11.34058
11.34058
11.34058
11.34058
11.34058
11.34058
11.34058
11.34058
11.34058
11.34058
11.34058
11.34058
11.34058
11.34058
11.34058
11.34058
11.34058
11.34058
11.34058
11.34058
11.34058
11.34058
11.34058
11.44058
11.46091
11.47112
11.47951
11.48903
11.50453
11.51206
11.52157
11.52893
11.53506
11.54477
11.55064
11.55635
11.56201
11.56765
11.57344
11.58100
11.59016
11.59616
11.60152
11.60712
11.61269
11.61880
11.62633
11.63655
11.64342
11.64943
11.65512
11.66077
11.66675
11.67422
11.68491
11.69183
11.69750
11.70304
11.70906
11.71472
11.72248
11.73271
11.73999
11.74544
11.75135
11.75682
11.76243
11.76802
11.77693
11.78285
11.78835
11.79479
11.80034
11.80609
11.81218
11.81771
11.82673
11.83241
11.83797
11.84461
11.85028
11.85607
11.86189
11.86852
11.87791
11.88393
11.89019
11.89588
11.90430
11.90990
11.91558
11.92460
11.93044
11.93628
11.94184
11.94771
11.95313
11.95888
11.95888
11.95888
11.95888
11.95888
11.95888
11.95888
11.95888
11.95888
11.95888
11.95888
11.95888
11.95888
11.95888
11.95888
11.95888
11.95888
11.95888
11.95888
11.95888
11.95888
11.95888
11.95888
11.95888
11.95888
11.95888
11.95888
11.95888
11.95888
11.95888
11.95888
11.95888
11.95888
11.95888
11.95888
11.95888
11.95888
11.95888
11.95888
11.95888
11.95888
11.95888
11.95888
11.95888
11.95888
11.95888
11.95888
11.95888
11.95888
11.95888
11.95888
11.95888
11.95888
11.95888
11.95888
11.95888
11.95888
11.95888
11.95888
11.95888
11.95888
11.95888
11.95888
11.95888
11.95888
11.95888
11.95888
11.95888
11.95888
11.95888
11.95888
11.95888
11.95888
11.95888
11.95888
11.95888
11.95888
11.95888
11.95888
11.95888
11.95888
11.95888
11.95888
11.95888
11.95888
11.95888
11.95888
11.95888
11.95888
11.95888
11.95888
11.95888
11.95888
11.95888
11.95888
11.95888
11.95888
11.95888
11.95888
11.95888
11.95888
11.95888
11.95888
11.95888
11.95888
11.95888
11.95888
11.95888
11.95888
11.95888
11.95888
11.95888
11.95888
11.95888
11.95888
11.95888
11.95888
11.95888
11.95888
11.95888
11.95888
11.95888
11.95888
11.95888
11.95888
11.95888
11.95888
11.95888
11.95888
11.95888
11.95888
11.95888
11.95888
11.95888
11.95888
11.95888
11.95888
11.95888
11.95888
11.96443
11.97022
11.97600
11.98146
11.98731
11.99289
12.00212
12.00772
12.01352
12.01933
12.02486
12.03088
12.03654
12.04233
12.05150
12.05749
12.06288
12.06844
12.07414
12.07963
12.08580
12.09143
12.10059
12.10635
12.11204
12.11769
12.12340
12.12933
12.13470
12.14069
12.14964
12.15564
12.16317
12.16922
12.17488
12.18060
12.18650
12.19596
12.20171
12.20728
12.21326
12.21886
12.22444
12.23024
12.23613
12.24566
12.25318
12.25993
12.26602
12.27333
12.27997
12.28578
12.29808
12.30486
12.31102
12.31665
12.32223
12.32798
12.33360
12.34284
12.34880
12.35470
12.36042
12.36624
12.37165
12.37720
12.38309
12.39249
12.39818
12.40388
12.40978
12.41555
12.42137
12.42696
12.43285
12.44223
12.44801
12.45368
12.45907
12.46478
12.47052
12.47622
12.48221
12.49149
12.49766
12.50305
12.50920
12.51476
12.52065
12.52642
12.53232
12.54144
12.54939
12.55540
12.56300
12.57052
12.57630
12.58213
12.59252
12.59904
12.60465
12.61063
12.61633
12.62187
12.62754
12.63701
12.64287
12.64900
12.65453
12.66027
12.66614
12.67162
12.67753
12.68665
12.69253
12.69815
12.70399
12.71134
12.71833
12.72433
12.73485
12.74161
12.74767
12.75498
12.76227
12.76763
12.77356
12.78412
12.79188
12.79766
12.80356
12.80900
12.81475
12.82076
12.82990
12.83596
12.84329
12.85051
12.85634
12.86212
12.86785
12.87835
12.88546
12.89127
12.89946
12.90548
12.91109
12.91692
12.92617
12.93217
12.93788
12.94383
12.95149
12.95720
12.96273
12.97199
12.97769
12.98366
12.98937
12.99486
13.00085
13.00649
13.01227
13.02125
13.02725
13.03302
13.04101
13.04783
13.05372
13.06144
13.07172
13.07823
13.08420
13.09002
13.09621
13.10197
13.10773
13.11704
13.12274
13.12862
13.13421
13.14016
13.14567
13.15161
13.15755
13.16706
13.17274
13.17829
13.18407
13.18974
13.19591
13.20158
13.20728
13.21653
13.22266
13.22833
13.23394
13.24019
13.24768
13.25545
13.26621
13.27303
13.27888
13.28483
13.29058
13.29668
13.30230
13.31176
13.31176
13.31176
13.31176
13.31176
13.31176
13.31176
13.31176
13.31176
13.31176
13.31176
13.31176
13.31176
13.31176
13.31176
13.31176
13.31176
13.31176
13.31176
13.31176
13.31176
13.31176
13.31176
13.31176
13.31176
13.31176
13.31176
13.31176
13.31176
13.31176
13.31176
13.31176
13.31176
13.31176
13.31176
13.31176
13.31176
13.31176
13.31176
13.31176
13.31176
13.31176
13.31176
13.31176
13.31176
13.31176
13.31176
13.31176
13.31176
13.31176
13.31176
13.31176
13.31176
13.31176
13.31176
13.31176
13.31176
13.31176
13.31176
13.31176
13.31176
13.31176
13.31176
13.31176
13.31176
13.31176
13.31176
13.31176
13.31176
13.31176
13.31176
13.31176
13.31176
13.31176
13.31176
13.31176
13.31176
13.31176
13.31176
13.31176
13.31176
13.31176
13.31176
13.31176
13.31176
13.31176
13.31176
13.31176
13.31176
13.31176
13.31176
13.31176
13.31176
13.31176
13.31176
13.31176
13.31176
13.31176
13.31176
13.31176
13.31176
13.31176
13.31176
13.31176
13.31176
13.31176
13.31176
13.31176
13.31176
13.31176
13.31176
13.31176
13.31176
13.31176
13.31176
13.31176
13.31176
13.31176
13.31176
13.31176
13.31176
13.31176
13.31176
13.31176
13.31176
13.31176
13.31176
13.31176
13.31176
13.31176
13.31176
13.31176
13.31176
13.31749
13.32312
13.32873
13.33448
13.34378
13.34971
13.35753
13.36441
13.37023
13.37607
13.38207
13.39271
13.40025
13.40797
13.41365
13.41939
13.42523
13.43121
13.44180
13.44885
13.45498
13.46063
13.46655
13.47215
13.47804
13.48725
13.49292
13.49867
13.50429
13.51022
13.51612
13.52202
13.52777
13.53707
13.54294
13.54878
13.55492
13.56042
13.56641
13.57183
13.57746
13.58678
13.59308
13.59891
13.60491
13.61069
13.61685
13.62274
13.63415
13.64351
13.64910
13.65513
13.66112
13.66732
13.67508
13.68652
13.69394
13.70037
13.70643
13.71218
13.71794
13.72383
13.73303
13.73890
13.74464
13.75039
13.75663
13.76228
13.76815
13.77405
13.78369
13.78974
13.79877
13.80494
13.81068
13.81702
13.82310
13.83272
13.83879
13.84470
13.85051
13.85628
13.86193
13.86767
13.87347
13.88271
13.88873
13.89444
13.90027
13.90633
13.91198
13.91198
13.91198
13.91198
13.91198
13.91198
13.91198
13.91198
13.91198
13.91198
13.91198
13.91198
13.91198
13.91198
13.91198
13.91198
13.91198
13.91198
13.91198
13.91198
13.91198
13.91198
13.91198
13.91198
13.91198
13.91198
13.91198
13.91198
13.91198
13.91198
13.91198
13.91198
13.91198
13.91198
13.91198
13.91198
13.91198
13.91198
13.91198
13.91198
13.91198
13.91198
13.91198
13.91198
13.91198
13.91198
13.91198
13.91198
13.91198
13.91198
13.91198
13.91198
13.91198
13.91198
13.91198
13.91198
13.91198
13.91198
13.91198
13.91198
13.91198
13.91198
13.91198
13.91198
13.91198
13.91198
13.91198
13.91198
13.91198
13.91198
13.91198
13.91198
13.91198
13.91198
13.91198
13.91198
13.91198
13.91198
13.91198
13.91198
13.91198
13.91198
13.91198
13.91198
13.91198
13.91198
13.91198
13.91198
13.91198
13.91198
13.91198
13.91198
13.91198
13.91198
13.91198
13.91198
13.91198
13.91198
13.91198
13.91198
13.91198
13.91198
13.91198
13.91198
13.91198
13.91198
13.91198
13.91198
13.91198
13.91198
13.91198
13.91198
13.91198
13.91198
13.91198
13.91198
13.91198
13.91198
13.91198
13.91198
13.91198
13.91198
13.91198
13.91198
13.91198
13.91198
13.91198
13.91198
13.91198
13.91198
13.91198
13.91198
13.91198
13.91198
13.91198
13.91198
13.91198
13.91198
13.91198
13.91823
13.92382
13.92946
13.93505
13.94061
13.94641
13.95262
13.96171
13.96758
13.97351
13.97921
13.98482
13.99090
13.99676
14.00303
14.01189
14.01778
14.02339
14.02922
14.03468
14.04043
14.04627
14.05187
14.06127
14.06746
14.07346
14.07887
14.08472
14.09016
14.09625
14.10476
14.11395
14.11973
14.12562
14.13152
14.13697
14.14315
14.14874
14.15470
14.16402
14.16994
14.17567
14.18167
14.18753
14.19357
14.19936
14.20515
14.21466
14.22071
14.22686
14.23275
14.23868
14.24449
14.25056
14.25997
14.26818
14.27501
14.28119
14.28955
14.29754
14.30849
14.31545
14.32114
14.32731
14.33274
14.33855
14.34403
14.35344
14.35920
14.36500
14.37085
14.37637
14.38229
14.38793
14.39363
14.40263
14.40869
14.41432
14.41980
14.42577
14.43216
14.43816
14.44385
14.45331
14.45908
14.46489
14.47067
14.47612
14.48174
14.48772
14.49390
14.50296
14.50905
14.51485
14.52097
14.52654
14.53236
14.53818
14.54380
14.55293
14.55857
14.56487
14.57297
14.58150
14.59024
14.60158
14.61004
14.61601
14.62286
14.62907
14.63572
14.64593
14.65240
14.65877
14.66499
14.67109
14.67799
14.68566
14.69940
14.70594
14.71254
14.72131
14.72877
14.73528
14.74618
14.75370
14.75985
14.76615
14.77253
14.77853
14.78477
14.79434
14.80003
14.80630
14.81246
14.81846
14.82439
14.83016
14.83961
14.84631
14.85233
14.85884
14.86514
14.87112
14.87762
14.88748
14.89354
14.89962
14.90546
14.91072
14.91639
14.92185
14.92744
14.93647
14.94234
14.94807
14.95365
14.95940
14.96492
14.97087
14.97671
14.98612
14.99222
14.99822
15.00429
15.00979
15.01575
15.02348
15.03417
15.04102
15.04717
15.05312
15.05889
15.06441
15.07030
15.08134
15.08738
15.09295
15.09897
15.10638
15.11362
15.11952
15.13026
15.13734
15.14317
15.14911
15.15535
15.16084
15.16715
15.17608
15.18278
15.18841
15.19426
15.20100
15.20877
15.21625
15.22683
15.23373
15.23986
15.24559
15.25146
15.25743
15.26316
15.26316
15.26316
15.26316
15.26316
15.26316
15.26316
15.26316
15.26316
15.26316
15.26316
15.26316
15.26316
15.26316
15.26316
15.26316
15.26316
15.26316
15.26316
15.26316
15.26316
15.26316
15.26316
15.26316
15.26316
15.26316
15.26316
15.26316
15.26316
15.26316
15.26316
15.26316
15.26316
15.26316
15.26316
15.26316
15.26316
15.26316
15.26316
15.26316
15.26316
15.26316
15.26316
15.26316
15.26316
15.26316
15.26316
15.26316
15.26316
15.26316
15.26316
15.26316
15.26316
15.26316
15.26316
15.26316
15.26316
15.26316
15.26316
15.26316
15.26316
15.26316
15.26316
15.26316
15.26316
15.26316
15.26316
15.26316
15.26316
15.26316
15.26316
15.26316
15.26316
15.26316
15.26316
15.26316
15.26316
15.26316
15.26316
15.26316
15.26316
15.26316
15.26316
15.26316
15.26316
15.26316
15.26316
15.26316
15.26316
15.26316
15.26316
15.26316
15.26316
15.26316
15.26316
15.26316
15.26316
15.26316
15.26316
15.26316
15.26316
15.26316
15.26316
15.26316
15.26316
15.26316
15.26316
15.26316
15.26316
15.26316
15.26316
15.26316
15.26316
15.26316
15.26316
15.26316
15.26316
15.26316
15.26316
15.26316
15.26316
15.26316
15.26316
15.26316
15.26316
15.26316
15.26316
15.26316
15.26892
15.27471
15.28061
15.28971
15.29563
15.30131
15.30708
15.31466
15.32142
15.32790
15.33821
15.34526
15.35099
15.35710
15.36283
15.36856
15.37419
15.38334
15.38919
15.39532
15.40110
15.40891
15.41478
15.42093
15.43021
15.43613
15.44178
15.44739
15.45348
15.45953
15.46525
15.47097
15.48030
15.48615
15.49191
15.49758
15.50341
15.50910
15.51491
15.52100
15.53017
15.53616
15.54191
15.54739
15.55298
15.55843
15.56436
15.57022
15.57962
15.58553
15.59126
15.59714
15.60892
15.61538
15.62708
15.63493
15.64248
15.65064
15.65646
15.66229
15.67253
15.67994
15.68567
15.69178
15.69726
15.70320
15.70900
15.71863
15.72492
15.73085
15.73674
15.74220
15.74805
15.75376
15.76004
15.76941
15.77536
15.78118
15.78690
15.79504
15.80076
15.80698
15.81600
15.82197
15.82783
15.83414
15.84001
15.84591
15.85154
15.85725
15.86670
15.86670
15.86670
15.86670
15.86670
15.86670
15.86670
15.86670
15.86670
15.86670
15.86670
15.86670
15.86670
15.86670
15.86670
15.86670
15.86670
15.86670
15.86670
15.86670
15.86670
15.86670
15.86670
15.86670
15.86670
15.86670
15.86670
15.86670
15.86670
15.86670
15.86670
15.86670
15.86670
15.86670
15.86670
15.86670
15.86670
15.86670
15.86670
15.86670
15.86670
15.86670
15.86670
15.86670
15.86670
15.86670
15.86670
15.86670
15.86670
15.86670
15.86670
15.86670
15.86670
15.86670
15.86670
15.86670
15.86670
15.86670
15.86670
15.86670
15.86670
15.86670
15.86670
15.86670
15.86670
15.86670
15.86670
15.86670
15.86670
15.86670
15.86670
15.86670
15.86670
15.86670
15.86670
15.86670
15.86670
15.86670
15.86670
15.86670
15.86670
15.86670
15.86670
15.86670
15.86670
15.86670
15.86670
15.86670
15.86670
15.86670
15.86670
15.86670
15.86670
15.86670
15.86670
15.86670
15.86670
15.86670
15.86670
15.86670
15.86670
15.86670
15.86670
15.86670
15.86670
15.86670
15.86670
15.86670
15.86670
15.86670
15.86670
15.86670
15.86670
15.86670
15.86670
15.86670
15.86670
15.86670
15.86670
15.86670
15.86670
15.86670
15.86670
15.86670
15.86670
15.86670
15.86670
15.86670
15.86670
15.86670
15.86670
15.86670
15.86670
15.86670
15.86670
15.86670
15.86670
15.86670
15.87230
15.87834
15.88403
15.88984
15.90001
15.91216
15.91866
15.92418
15.93022
15.93618
15.94576
15.95183
15.95823
15.96433
15.97013
15.97592
15.98182
15.99099
15.99707
16.00343
16.00915
16.01522
16.02088
16.02703
16.03630
16.04287
16.05161
16.05740
16.06305
16.06902
16.07478
16.08402
16.08986
16.09573
16.10200
16.10779
16.11418
16.11986
16.12914
16.13475
16.14057
16.14622
16.15195
16.15801
16.16386
16.17000
16.17886
16.18494
16.19060
16.19726
16.20292
16.20861
16.21429
16.22006
16.22964
16.23568
16.24186
16.24754
16.25401
16.25973
16.26579
16.27502
16.28106
16.28678
16.29269
16.29849
16.30417
16.31009
16.31582
16.32527
16.33088
16.33673
16.34254
16.34842
16.35472
16.36048
16.36669
16.37569
16.38167
16.38720
16.39358
16.39927
16.40515
16.41107
16.41715
16.42879
16.43485
16.44063
16.44633
16.45215
16.45774
16.46454
16.47341
16.47945
16.48525
16.49121
16.49712
16.50729
16.51324
16.52249
16.52864
16.53481
16.54061
16.54643
16.55232
16.55840
16.56759
16.57382
16.57994
16.58569
16.59183
16.59738
16.60356
16.61262
16.61955
16.62529
16.63105
16.63680
16.64244
16.64887
16.65814
16.66417
16.66987
16.67587
16.68153
16.68756
16.69363
16.69953
16.70921
16.71498
16.72067
16.72640
16.73252
16.73849
16.74437
16.75032
16.75952
16.76542
16.77138
16.77724
16.78305
16.78910
16.79476
16.80310
16.81191
16.81818
16.82391
16.82991
16.83543
16.84135
16.84714
16.85314
16.86210
16.86807
16.87403
16.87959
16.88572
16.89140
16.89689
16.90353
16.91300
16.91893
16.92462
16.93055
16.93620
16.94197
16.94787
16.95396
16.96315
16.96909
16.97499
16.98055
16.98643
16.99208
16.99813
17.00433
17.01381
17.01949
17.02530
17.03130
17.03675
17.04286
17.04844
17.05450
17.06380
17.06995
17.07555
17.08161
17.08743
17.09329
17.09949
17.11021
17.11620
17.12188
17.12814
17.13387
17.13966
17.14539
17.15494
17.16070
17.16663
17.17451
17.18055
17.18630
17.19210
17.20117
17.20713
17.21358
17.21929
17.22522
17.23072
17.23667
17.24229
17.25141
17.25717
17.26309
17.26882
17.27442
17.28015
17.28594
17.29173
17.30114
17.30720
17.31313
17.31871
17.32449
17.33039
17.33627
17.34183
17.35108
17.35668
17.36303
17.36872
17.37460
17.38040
17.38615
17.39193
17.40104
17.40733
17.41328
17.41916
17.42490
17.43053
17.43657
17.44221
17.45143
17.45712
17.46350
17.46905
17.47477
17.48037
17.48603
17.49222
17.50129
17.50728
17.51335
17.51953
17.52510
17.53094
17.53660
17.54475
17.55387
17.56026
17.56621
17.57183
17.57788
17.58343
17.58942
17.59517
17.60491
17.61052
17.61653
17.62209
17.62782
17.63370
17.63952
17.64541
17.65446
17.66040
17.66630
17.67210
17.67783
17.68375
17.68989
17.69538
17.71035
17.71685
17.72267
17.72877
17.73454
17.74024
17.74617
17.75539
17.76154
17.76745
17.77352
17.77909
17.78511
17.79123
17.80072
17.80668
17.81292
17.81866
17.82441
17.83017
17.83569
17.84151
17.85076
17.85707
17.86307
17.86923
17.87488
17.88060
17.88675
17.89596
17.90183
17.90796
17.91413
17.92167
17.92780
17.93350
17.94294
17.94868
17.95483
17.96043
17.96666
17.97289
17.97873
17.98809
17.99402
17.99996
18.00537
18.01128
18.01681
18.02277
18.02879
18.03816
18.04399
18.04977
18.05597
18.06146
18.06748
18.07312
18.07907
18.08850
18.09435
18.10014
18.10702
18.11323
18.11898
18.12534
18.13470
18.14093
18.14676
18.15319
18.15894
18.16478
18.17077
18.17986
18.18578
18.19151
18.19750
18.20347
18.20934
18.21498
18.22080
18.22990
18.23627
18.24190
18.24782
18.25362
18.25916
18.26509
18.26509
18.26509
18.26509
18.26509
18.26509
18.26509
18.26509
18.26509
18.26509
18.26509
18.26509
18.26509
18.26509
18.26509
18.26509
18.26509
18.26509
18.26509
18.26509
18.26509
18.26509
18.26509
18.26509
18.26509
18.26509
18.26509
18.26509
18.26509
18.26509
18.26509
18.26509
18.26509
18.26509
18.26509
18.26509
18.26509
18.26509
18.26509
18.26509
18.26509
18.26509
18.26509
18.26509
18.26509
18.26509
18.26509
18.26509
18.26509
18.26509
18.26509
18.26509
18.26509
18.26509
18.26509
18.26509
18.26509
18.26509
18.26509
18.26509
18.26509
18.26509
18.26509
18.26509
18.26509
18.26509
18.26509
18.26509
18.26509
18.26509
18.26509
18.26509
18.26509
18.26509
18.26509
18.26509
18.26509
18.26509
18.26509
18.26509
18.26509
18.26509
18.26509
18.26509
18.26509
18.26509
18.26509
18.26509
18.26509
18.26509
18.26509
18.26509
18.26509
18.26509
18.26509
18.26509
18.26509
18.26509
18.26509
18.26509
18.26509
18.26509
18.26509
18.26509
18.26509
18.26509
18.26509
18.26509
18.26509
18.26509
18.26509
18.26509
18.26509
18.26509
18.26509
18.26509
18.26509
18.26509
18.26509
18.26509
18.26509
18.26509
18.26509
18.26509
18.26509
18.26509
18.26509
18.26509
18.26509
18.26509
18.26509
18.26509
18.26509
18.26509
18.26509
18.26509
18.26509
18.26509
18.26509
18.26509
18.26509
18.26509
18.26509
18.26509
18.26509
18.26509
18.26509
18.26509
18.26509
18.26509
18.26509
18.26509
18.26509
18.26509
18.26509
18.26509
18.26509
18.26509
18.26509
18.26509
18.26509
18.26509
18.26509
18.26509
18.26509
18.26509
18.26509
18.26509
18.26509
18.26509
18.26509
18.26509
18.25887
18.25299
18.24698
18.24110
18.23536
18.22954
18.22133
18.21185
18.20588
18.20002
18.19436
18.18836
18.18253
18.17615
18.16687
18.16058
18.15490
18.14889
18.14309
18.13723
18.13104
18.11886
18.11296
18.10667
18.10036
18.09469
18.08857
18.08252
18.07349
18.06744
18.06103
18.05531
18.04966
18.04394
18.03812
18.03200
18.02238
18.01634
18.01030
18.00432
17.99868
17.99300
17.98710
17.98103
17.97162
17.96551
17.95969
17.95394
17.94805
17.94237
17.93625
17.93041
17.92089
17.91496
17.90906
17.90315
17.89732
17.89129
17.88528
17.87573
17.86993
17.86395
17.85810
17.85220
17.84419
17.83611
17.82579
17.81880
17.81237
17.80479
17.79746
17.79140
17.78559
17.77460
17.76721
17.76140
17.75537
17.74945
17.74380
17.73741
17.72839
17.72196
17.71613
17.70995
17.70412
17.69815
17.69190
17.68244
17.67638
17.67059
17.66465
17.65890
17.65292
17.64670
17.63725
17.63131
17.62517
17.61922
17.61313
17.60707
17.60105
17.59181
17.58537
17.57927
17.57357
17.56757
17.56172
17.55583
17.54689
17.54080
17.53513
17.52845
17.52172
17.51583
17.50943
17.49840
17.49096
17.48488
17.47725
17.47006
17.46402
17.45113
17.44397
17.43813
17.43184
17.42588
17.42009
17.41395
17.40446
17.39868
17.39261
17.38652
17.38088
17.37509
17.36910
17.36124
17.35065
17.34225
17.33532
17.32736
17.32023
17.31395
17.30359
17.29643
17.29032
17.28449
17.27845
17.27231
17.26668
17.25733
17.25140
17.24526
17.23940
17.23357
17.22770
17.22145
17.21191
17.20587
17.19965
17.19135
17.18407
17.17768
17.17152
17.16086
17.15395
17.14763
17.14163
17.13537
17.12957
17.12380
17.11450
17.10829
17.10230
17.09666
17.09082
17.08525
17.07915
17.07319
17.06381
17.05605
17.05012
17.04430
17.03855
17.03257
17.02673
17.01703
17.00941
17.00200
16.99462
16.98874
16.98264
16.97650
16.96615
16.95910
16.95277
16.94678
16.94113
16.93507
16.92759
16.91642
16.91034
16.90443
16.89858
16.89239
16.88661
16.88054
16.87127
16.86512
16.85933
16.85288
16.84717
16.84126
16.83540
16.82610
16.81983
16.81195
16.80419
16.79649
16.79058
16.78475
16.77397
16.76658
16.76038
16.75389
16.74802
16.74194
16.73579
16.72641
16.72047
16.71426
16.71426
16.71426
16.71426
16.71426
16.71426
16.71426
16.71426
16.71426
16.71426
16.71426
16.71426
16.71426
16.71426
16.71426
16.71426
16.71426
16.71426
16.71426
16.71426
16.71426
16.71426
16.71426
16.71426
16.71426
16.71426
16.71426
16.71426
16.71426
16.71426
16.71426
16.71426
16.71426
16.71426
16.71426
16.71426
16.71426
16.71426
16.71426
16.71426
16.71426
16.71426
16.71426
16.71426
16.71426
16.71426
16.71426
16.71426
16.71426
16.71426
16.71426
16.71426
16.71426
16.71426
16.71426
16.71426
16.71426
16.71426
16.71426
16.71426
16.71426
16.71426
16.71426
16.71426
16.71426
16.71426
16.71426
16.71426
16.71426
16.71426
16.71426
16.71426
16.71426
16.71426
16.71426
16.71426
16.71426
16.71426
16.71426
16.71426
16.71426
16.71426
16.71426
16.71426
16.71426
16.71426
16.71426
16.71426
16.71426
16.71426
16.71426
16.71426
16.71426
16.71426
16.71426
16.71426
16.71426
16.71426
16.71426
16.71426
16.71426
16.71426
16.71426
16.71426
16.71426
16.71426
16.71426
16.71426
16.71426
16.71426
16.71426
16.71426
16.71426
16.71426
16.71426
16.71426
16.71426
16.71426
16.71426
16.71426
16.71426
16.71426
16.71426
16.71426
16.71426
16.71426
16.71426
16.71426
16.71426
16.71426
16.71426
16.71426
16.70831
16.70269
16.69666
16.69084
16.68485
16.67839
16.66875
16.66269
16.65629
16.65040
16.64483
16.63884
16.63293
16.61750
16.61085
16.60514
16.59885
16.59301
16.58666
16.57726
16.57092
16.56479
16.55870
16.55286
16.54717
16.54064
16.53152
16.52517
16.51946
16.51326
16.50751
16.50142
16.49536
16.48590
16.47981
16.47369
16.46773
16.46175
16.45577
16.44991
16.44017
16.43427
16.42814
16.42228
16.41580
16.40841
16.39895
16.38810
16.38092
16.37328
16.36750
16.36134
16.35540
16.34942
16.33904
16.33141
16.32538
16.31954
16.31388
16.30809
16.30148
16.29228
16.28586
16.28008
16.27396
16.26820
16.26211
16.25606
16.24663
16.24070
16.23479
16.22882
16.22311
16.21666
16.21071
16.20117
16.19527
16.18924
16.18344
16.17728
16.17076
16.16493
16.15545
16.14916
16.14331
16.13757
16.13161
16.12560
16.11911
16.11911
16.11911
16.11911
16.11911
16.11911
16.11911
16.11911
16.11911
16.11911
16.11911
16.11911
16.11911
16.11911
16.11911
16.11911
16.11911
16.11911
16.11911
16.11911
16.11911
16.11911
16.11911
16.11911
16.11911
16.11911
16.11911
16.11911
16.11911
16.11911
16.11911
16.11911
16.11911
16.11911
16.11911
16.11911
16.11911
16.11911
16.11911
16.11911
16.11911
16.11911
16.11911
16.11911
16.11911
16.11911
16.11911
16.11911
16.11911
16.11911
16.11911
16.11911
16.11911
16.11911
16.11911
16.11911
16.11911
16.11911
16.11911
16.11911
16.11911
16.11911
16.11911
16.11911
16.11911
16.11911
16.11911
16.11911
16.11911
16.11911
16.11911
16.11911
16.11911
16.11911
16.11911
16.11911
16.11911
16.11911
16.11911
16.11911
16.11911
16.11911
16.11911
16.11911
16.11911
16.11911
16.11911
16.11911
16.11911
16.11911
16.11911
16.11911
16.11911
16.11911
16.11911
16.11911
16.11911
16.11911
16.11911
16.11911
16.11911
16.11911
16.11911
16.11911
16.11911
16.11911
16.11911
16.11911
16.11911
16.11911
16.11911
16.11911
16.11911
16.11911
16.11911
16.11911
16.11911
16.11911
16.11911
16.11911
16.11911
16.11911
16.11911
16.11911
16.11911
16.11911
16.11911
16.11911
16.11911
16.11911
16.11911
16.11911
16.11911
16.10995
16.10406
16.09800
16.09184
16.08558
16.07959
16.07340
16.06374
16.05771
16.05176
16.04613
16.04037
16.03459
16.02894
16.02277
16.01352
16.00728
16.00104
15.99496
15.98905
15.98263
15.97665
15.96749
15.96150
15.95578
15.94994
15.94438
15.93768
15.93164
15.92208
15.91597
15.90969
15.90347
15.89742
15.89114
15.88505
15.87550
15.86954
15.86339
15.85723
15.85098
15.84306
15.83567
15.82478
15.81732
15.80913
15.80329
15.79729
15.79135
15.78535
15.77479
15.76727
15.75888
15.75262
15.74683
15.74080
15.73477
15.72105
15.71468
15.70845
15.70235
15.69614
15.69019
15.68411
15.67477
15.66838
15.66255
15.65666
15.65106
15.64489
15.63848
15.62867
15.62264
15.61656
15.61076
15.60487
15.59901
15.59307
15.58364
15.57759
15.57163
15.56602
15.56004
15.55427
15.54796
15.53843
15.53225
15.52608
15.51980
15.51150
15.50373
15.49742
15.48567
15.47758
15.47154
15.46560
15.45948
15.45351
15.44732
15.43670
15.42924
15.42321
15.41710
15.41126
15.40494
15.39856
15.38867
15.38265
15.37675
15.36831
15.36041
15.35326
15.34234
15.33497
15.32847
15.32073
15.31369
15.30716
15.29665
15.28943
15.28337
15.27688
15.27130
15.26528
15.25950
15.25014
15.24378
15.23779
15.23175
15.22605
15.21966
15.21346
15.20389
15.19795
15.19195
15.18625
15.18029
15.17374
15.16775
15.15860
15.15201
15.14616
15.14012
15.13323
15.12210
15.11232
15.10626
15.10012
15.09247
15.08586
15.07940
15.07311
15.06361
15.05764
15.05131
15.04549
15.03949
15.03365
15.02757
15.01816
15.01174
15.00342
14.99566
14.98821
14.98148
14.96803
14.96023
14.95333
14.94750
14.94140
14.93498
14.92530
14.91915
14.91235
14.90639
14.89831
14.89236
14.88601
14.87290
14.86485
14.85738
14.85126
14.84519
14.83726
14.82617
14.81716
14.81103
14.80513
14.79675
14.79026
14.77847
14.77229
14.76638
14.76638
14.76638
14.76638
14.76638
14.76638
14.76638
14.76638
14.76638
14.76638
14.76638
14.76638
14.76638
14.76638
14.76638
14.76638
14.76638
14.76638
14.76638
14.76638
14.76638
14.76638
14.76638
14.76638
14.76638
14.76638
14.76638
14.76638
14.76638
14.76638
14.76638
14.76638
14.76638
14.76638
14.76638
14.76638
14.76638
14.76638
14.76638
14.76638
14.76638
14.76638
14.76638
14.76638
14.76638
14.76638
14.76638
14.76638
14.76638
14.76638
14.76638
14.76638
14.76638
14.76638
14.76638
14.76638
14.76638
14.76638
14.76638
14.76638
14.76638
14.76638
14.76638
14.76638
14.76638
14.76638
14.76638
14.76638
14.76638
14.76638
14.76638
14.76638
14.76638
14.76638
14.76638
14.76638
14.76638
14.76638
14.76638
14.76638
14.76638
14.76638
14.76638
14.76638
14.76638
14.76638
14.76638
14.76638
14.76638
14.76638
14.76638
14.76638
14.76638
14.76638
14.76638
14.76638
14.76638
14.76638
14.76638
14.76638
14.76638
14.76638
14.76638
14.76638
14.76638
14.76638
14.76638
14.76638
14.76638
14.76638
14.76638
14.76638
14.76638
14.76638
14.76638
14.76638
14.76638
14.76638
14.76638
14.76638
14.76638
14.76638
14.76638
14.76638
14.76638
14.76638
14.76638
14.75694
14.75075
14.74490
14.73857
14.73280
14.72651
14.72046
14.71112
14.70488
14.69634
14.68902
14.68103
14.67498
14.66431
14.65700
14.64891
14.64271
14.63658
14.63055
14.62423
14.61471
14.60872
14.60292
14.59667
14.59094
14.58506
14.57920
14.56950
14.56366
14.55733
14.55124
14.54503
14.53905
14.53271
14.52332
14.51719
14.51114
14.50539
14.49922
14.49356
14.48718
14.47793
14.47145
14.46559
14.45943
14.45351
14.44756
14.44101
14.42975
14.42196
14.41541
14.40755
14.39933
14.39339
14.38258
14.37485
14.36893
14.36303
14.35732
14.35116
14.34518
14.33587
14.32958
14.32318
14.31725
14.31054
14.30412
14.29808
14.28819
14.28235
14.27590
14.26784
14.26159
14.25562
14.24940
14.24021
14.23377
14.22782
14.21943
14.21354
14.20747
14.20125
14.19144
14.18565
14.17945
14.17332
14.16768
14.16131
14.16131
14.16131
14.16131
14.16131
14.16131
14.16131
14.16131
14.16131
14.16131
14.16131
14.16131
14.16131
14.16131
14.16131
14.16131
14.16131
14.16131
14.16131
14.16131
14.16131
14.16131
14.16131
14.16131
14.16131
14.16131
14.16131
14.16131
14.16131
14.16131
14.16131
14.16131
14.16131
14.16131
14.16131
14.16131
14.16131
14.16131
14.16131
14.16131
14.16131
14.16131
14.16131
14.16131
14.16131
14.16131
14.16131
14.16131
14.16131
14.16131
14.16131
14.16131
14.16131
14.16131
14.16131
14.16131
14.16131
14.16131
14.16131
14.16131
14.16131
14.16131
14.16131
14.16131
14.16131
14.16131
14.16131
14.16131
14.16131
14.16131
14.16131
14.16131
14.16131
14.16131
14.16131
14.16131
14.16131
14.16131
14.16131
14.16131
14.16131
14.16131
14.16131
14.16131
14.16131
14.16131
14.16131
14.16131
14.16131
14.16131
14.16131
14.16131
14.16131
14.16131
14.16131
14.16131
14.16131
14.16131
14.16131
14.16131
14.16131
14.16131
14.16131
14.16131
14.16131
14.16131
14.16131
14.16131
14.16131
14.16131
14.16131
14.16131
14.16131
14.16131
14.16131
14.16131
14.16131
14.16131
14.16131
14.16131
14.16131
14.16131
14.16131
14.16131
14.16131
14.16131
14.16131
14.16131
14.16131
14.16131
14.16131
14.16131
14.16131
14.16131
14.16131
14.15140
14.14528
14.13905
14.13271
14.12689
14.12105
14.11508
14.10561
14.09888
14.09287
14.08705
14.08092
14.07492
14.06873
14.05944
14.05309
14.04715
14.03855
14.03253
14.02641
14.02042
14.01027
14.00447
13.99809
13.99222
13.98637
13.98028
13.97433
13.96468
13.95827
13.95205
13.94617
13.94012
13.93439
13.92763
13.91209
13.90627
13.89999
13.89379
13.88770
13.88147
13.87198
13.86590
13.85978
13.85338
13.84724
13.83932
13.83196
13.82137
13.81372
13.80726
13.79846
13.79157
13.78507
13.77426
13.76670
13.76092
13.75483
13.74886
13.74260
13.73658
13.72674
13.72094
13.71423
13.70809
13.70160
13.69553
13.68878
13.67945
13.67296
13.66726
13.66086
13.65278
13.64669
13.64066
13.63133
13.62525
13.61891
13.61297
13.60710
13.60108
13.59514
13.58558
13.57939
13.57290
13.56703
13.56063
13.55490
13.54880
13.53951
13.53268
13.52671
13.52067
13.51460
13.50789
13.49940
13.48840
13.48067
13.47460
13.46848
13.46227
13.45651
13.45035
13.43987
13.43231
13.42620
13.42027
13.41403
13.40796
13.40198
13.39272
13.38675
13.38065
13.37387
13.36608
13.35843
13.35216
13.34166
13.33399
13.32777
13.31624
13.30870
13.30231
13.29144
13.28425
13.27800
13.27235
13.26638
13.25812
13.25199
13.24279
13.23643
13.23058
13.22400
13.21805
13.21209
13.20551
13.19568
13.18980
13.18366
13.17757
13.17175
13.16548
13.15929
13.14969
13.14359
13.13706
13.13113
13.12489
13.11900
13.11250
13.10316
13.09670
13.09078
13.08467
13.07845
13.07245
13.06630
13.05676
13.05023
13.04373
13.03788
13.03220
13.02600
13.01997
13.00851
13.00119
12.99243
12.98594
12.97997
12.97367
12.96293
12.95542
12.94956
12.94312
12.93705
12.93096
12.92411
12.91233
12.90466
12.89782
12.89175
12.88573
12.88003
12.87066
12.85979
12.85225
12.84632
12.84025
12.83390
12.82768
12.82182
12.81165
12.81165
12.81165
12.81165
12.81165
12.81165
12.81165
12.81165
12.81165
12.81165
12.81165
12.81165
12.81165
12.81165
12.81165
12.81165
12.81165
12.81165
12.81165
12.81165
12.81165
12.81165
12.81165
12.81165
12.81165
12.81165
12.81165
12.81165
12.81165
12.81165
12.81165
12.81165
12.81165
12.81165
12.81165
12.81165
12.81165
12.81165
12.81165
12.81165
12.81165
12.81165
12.81165
12.81165
12.81165
12.81165
12.81165
12.81165
12.81165
12.81165
12.81165
12.81165
12.81165
12.81165
12.81165
12.81165
12.81165
12.81165
12.81165
12.81165
12.81165
12.81165
12.81165
12.81165
12.81165
12.81165
12.81165
12.81165
12.81165
12.81165
12.81165
12.81165
12.81165
12.81165
12.81165
12.81165
12.81165
12.81165
12.81165
12.81165
12.81165
12.81165
12.81165
12.81165
12.81165
12.81165
12.81165
12.81165
12.81165
12.81165
12.81165
12.81165
12.81165
12.81165
12.81165
12.81165
12.81165
12.81165
12.81165
12.81165
12.81165
12.81165
12.81165
12.81165
12.81165
12.81165
12.81165
12.81165
12.81165
12.81165
12.81165
12.81165
12.81165
12.81165
12.81165
12.81165
12.81165
12.81165
12.81165
12.81165
12.81165
12.81165
12.81165
12.81165
12.81165
12.81165
12.81165
12.81165
12.81165
12.81165
12.80250
12.79631
12.79046
12.78403
12.77814
12.77173
12.76577
12.75658
12.75040
12.74399
12.73799
12.73174
12.72572
12.71933
12.70790
12.69972
12.69167
12.68557
12.67964
12.67306
12.66182
12.65468
12.64875
12.64220
12.63610
12.63002
12.62406
12.61217
12.60587
12.59987
12.59377
12.58763
12.58178
12.57524
12.56579
12.55939
12.55372
12.54747
12.54137
12.53533
12.52919
12.51940
12.51327
12.50682
12.50065
12.49425
12.48619
12.47849
12.46763
12.46017
12.45397
12.44757
12.44143
12.43523
12.42908
12.41748
12.40945
12.40147
12.39540
12.38928
12.38329
12.37197
12.36447
12.35864
12.35237
12.34654
12.34069
12.33441
12.32517
12.31865
12.31250
12.30592
12.30021
12.29367
12.28745
12.27811
12.27184
12.26591
12.25994
12.25392
12.24785
12.24194
12.23025
12.22396
12.21778
12.21150
12.21150
12.21150
12.21150
12.21150
12.21150
12.21150
12.21150
12.21150
12.21150
12.21150
12.21150
12.21150
12.21150
12.21150
12.21150
12.21150
12.21150
12.21150
12.21150
12.21150
12.21150
12.21150
12.21150
12.21150
12.21150
12.21150
12.21150
12.21150
12.21150
12.21150
12.21150
12.21150
12.21150
12.21150
12.21150
12.21150
12.21150
12.21150
12.21150
12.21150
12.21150
12.21150
12.21150
12.21150
12.21150
12.21150
12.21150
12.21150
12.21150
12.21150
12.21150
12.21150
12.21150
12.21150
12.21150
12.21150
12.21150
12.21150
12.21150
12.21150
12.21150
12.21150
12.21150
12.21150
12.21150
12.21150
12.21150
12.21150
12.21150
12.21150
12.21150
12.21150
12.21150
12.21150
12.21150
12.21150
12.21150
12.21150
12.21150
12.21150
12.21150
12.21150
12.21150
12.21150
12.21150
12.21150
12.21150
12.21150
12.21150
12.21150
12.21150
12.21150
12.21150
12.21150
12.21150
12.21150
12.21150
12.21150
12.21150
12.21150
12.21150
12.21150
12.21150
12.21150
12.21150
12.21150
12.21150
12.21150
12.21150
12.21150
12.21150
12.21150
12.21150
12.21150
12.21150
12.21150
12.21150
12.21150
12.21150
12.21150
12.21150
12.21150
12.21150
12.21150
12.21150
12.21150
12.21150
12.21150
12.21150
12.21150
12.21150
12.20544
12.19957
12.19309
12.18708
12.17769
12.17155
12.16512
12.15899
12.15278
12.14660
12.13965
12.13003
12.12223
12.11535
12.10900
12.10297
12.09638
12.09027
12.08042
12.07392
12.06759
12.06147
12.05523
12.04922
12.04306
12.03365
12.02688
12.02098
12.01517
12.00918
12.00306
11.99394
11.98469
11.97853
11.97190
11.96584
11.96015
11.95396
11.94807
11.93802
11.93204
11.92631
11.91999
11.91401
11.90788
11.90175
11.89184
11.88571
11.87894
11.87303
11.86733
11.86143
11.85528
11.84557
11.83873
11.83079
11.82371
11.81774
11.81146
11.80470
11.79323
11.78606
11.78013
11.77393
11.76744
11.76135
11.75490
11.74556
11.73888
11.73285
11.72674
11.72087
11.71475
11.70854
11.69881
11.69253
11.68631
11.68020
11.67374
11.66746
11.66132
11.65158
11.64530
11.63903
11.63308
11.62688
11.61868
11.61237
11.60312
11.59723
11.59123
11.58495
11.57906
11.57298
11.56690
11.55736
11.55151
11.54533
11.53894
11.53273
11.52667
11.51227
11.50224
11.49566
11.48737
11.48024
11.47183
11.46567
11.45501
11.44732
11.44154
11.43532
11.42917
11.42315
11.41666
11.40664
11.40061
11.39466
11.38795
11.38207
11.37586
11.36952
11.35782
11.35027
11.34386
11.33770
11.33141
11.32305
11.31197
11.30476
11.29872
11.29256
11.28651
11.28070
11.27481
11.26548
11.25922
11.25315
11.24687
11.24056
11.23406
11.22517
11.21564
11.20926
11.20302
11.19703
11.19095
11.18527
11.17901
11.16971
11.16299
11.15695
11.15073
11.14480
11.13852
11.13254
11.12290
11.11697
11.11075
11.10273
11.08974
11.08308
11.07314
11.06666
11.06052
11.05445
11.04852
11.04246
11.03609
11.02659
11.02035
11.01386
11.00541
10.99749
10.99178
10.98527
10.97418
10.96690
10.96075
10.95259
10.94507
10.93836
10.92780
10.91596
10.90935
10.90334
10.89713
10.89095
10.88123
10.87525
10.86891
10.86313
10.86313
10.86313
10.86313
10.86313
10.86313
10.86313
10.86313
10.86313
10.86313
10.86313
10.86313
10.86313
10.86313
10.86313
10.86313
10.86313
10.86313
10.86313
10.86313
10.86313
10.86313
10.86313
10.86313
10.86313
10.86313
10.86313
10.86313
10.86313
10.86313
10.86313
10.86313
10.86313
10.86313
10.86313
10.86313
10.86313
10.86313
10.86313
10.86313
10.86313
10.86313
10.86313
10.86313
10.86313
10.86313
10.86313
10.86313
10.86313
10.86313
10.86313
10.86313
10.86313
10.86313
10.86313
10.86313
10.86313
10.86313
10.86313
10.86313
10.86313
10.86313
10.86313
10.86313
10.86313
10.86313
10.86313
10.86313
10.86313
10.86313
10.86313
10.86313
10.86313
10.86313
10.86313
10.86313
10.86313
10.86313
10.86313
10.86313
10.86313
10.86313
10.86313
10.86313
10.86313
10.86313
10.86313
10.86313
10.86313
10.86313
10.86313
10.86313
10.86313
10.86313
10.86313
10.86313
10.86313
10.86313
10.86313
10.86313
10.86313
10.86313
10.86313
10.86313
10.86313
10.86313
10.86313
10.86313
10.86313
10.86313
10.86313
10.86313
10.86313
10.86313
10.86313
10.86313
10.86313
10.86313
10.86313
10.86313
10.86313
10.86313
10.86313
10.86313
10.86313
10.86313
10.86313
10.86313
10.86313
10.86313
10.85693
10.85086
10.84497
10.83888
10.82789
10.82049
10.81413
10.80777
10.80182
10.79576
10.78933
10.77999
10.77388
10.76744
10.76164
10.75559
10.74978
10.74339
10.73414
10.72781
10.72157
10.71377
10.70625
10.69791
10.68702
10.67954
10.67326
10.66728
10.66116
10.65494
10.64908
10.63918
10.63289
10.62663
10.61468
10.60839
10.60223
10.59042
10.58410
10.57772
10.57133
10.56543
10.55935
10.55307
10.54350
10.53715
10.53092
10.52491
10.51906
10.51246
10.50636
10.49665
10.49075
10.48445
10.47821
10.47210
10.46614
10.45965
10.45046
10.44393
10.43767
10.43123
10.42328
10.41544
10.40944
10.39812
10.39069
10.38471
10.37794
10.37208
10.36598
10.35960
10.35014
10.34406
10.33730
10.32902
10.32109
10.31487
10.30855
10.29740
10.28992
10.28416
10.27732
10.27126
10.26498
10.25886
10.24935
10.24319
10.23697
10.23089
10.22488
10.21856
10.21041
10.20091
10.19453
10.18784
10.18190
10.17568
10.16975
10.16346
10.15403
10.14745
10.14159
10.13517
10.12921
10.12297
10.11682
10.10674
10.10078
10.09427
10.08823
10.08199
10.07590
10.06972
10.06038
10.06038
10.06038
10.06038
10.06038
10.06038
10.06038
10.06038
10.06038
10.06038
10.06038
10.06038
10.06038
10.06038
10.06038
10.06038
10.06038
10.06038
10.06038
10.06038
10.06038
10.06038
10.06038
10.06038
10.06038
10.06038
10.06038
10.06038
10.06038
10.06038
10.06038
10.06038
10.06038
10.06038
10.06038
10.06038
10.06038
10.06038
10.06038
10.06038
10.06038
10.06038
10.06038
10.06038
10.06038
10.06038
10.06038
10.06038
10.06038
10.06038
10.06038
10.06038
10.06038
10.06038
10.06038
10.06038
10.06038
10.06038
10.06038
10.06038
10.06038
10.06038
10.06038
10.06038
10.06038
10.06038
10.06038
10.06038
10.06038
10.06038
10.06038
10.06038
10.06038
10.06038
10.06038
10.06038
10.06038
10.06038
10.06038
10.06038
10.06038
10.06038
10.06038
10.06038
10.06038
10.06038
10.06038
10.06038
10.06038
10.06038
10.06038
10.06038
10.06038
10.06038
10.06038
10.06038
10.06038
10.06038
10.06038
10.06038
10.06038
10.06038
10.06038
10.06038
10.06038
10.06038
10.06038
10.06038
10.06038
10.06038
10.06038
10.06038
10.06038
10.06038
10.06038
10.06038
10.06038
10.06038
10.06038
10.06038
10.06038
10.06038
10.06038
10.06038
10.06038
10.06038
10.06038
10.06038
10.06038
10.06038
10.06038
10.06038
10.05034
10.04421
10.03782
10.03176
10.02555
10.01985
10.01356
10.00421
9.99549
9.98938
9.98285
9.97686
9.97060
9.96411
9.95422
9.94811
9.94174
9.93537
9.92932
9.92300
9.91699
9.90735
9.90111
9.89487
9.88894
9.88259
9.87626
9.86990
9.86049
9.85376
9.84781
9.84154
9.83561
9.82920
9.82301
9.81318
9.80702
9.80083
9.79481
9.78879
9.78265
9.77670
9.76696
9.76086
9.75418
9.74815
9.74169
9.73563
9.72860
9.71680
9.71038
9.70372
9.69727
9.69098
9.68444
9.67836
9.66889
9.66284
9.65685
9.65097
9.64432
9.63833
9.63184
9.61992
9.61336
9.60747
9.60115
9.59533
9.58906
9.58265
9.57307
9.56684
9.56055
9.55430
9.54829
9.54244
9.53670
9.52699
9.52053
9.51452
9.50831
9.50216
9.49636
9.49009
9.48067
9.47419
9.46816
9.46183
9.45584
9.44984
9.44341
9.43378
9.42765
9.42116
9.41525
9.40912
9.40302
9.39655
9.38670
9.38047
9.37396
9.36790
9.36168
9.35580
9.34922
9.34018
9.33350
9.32753
9.32123
9.31522
9.30882
9.30261
9.29291
9.28671
9.28021
9.27363
9.26770
9.25934
9.25312
9.24365
9.23729
9.23136
9.22500
9.21906
9.21283
9.20650
9.19690
9.19065
9.18421
9.17807
9.17205
9.16585
9.15992
9.15008
9.14406
9.13759
9.13170
9.12537
9.11433
9.10459
9.09805
9.09173
9.08558
9.07929
9.07345
9.06715
9.05791
9.05183
9.04586
9.03933
9.03327
9.02694
9.02073
9.01108
9.00455
8.99812
8.99211
8.98578
8.97959
8.97333
8.96375
8.95749
8.95169
8.94570
8.93916
8.93333
8.92672
8.91731
8.91084
8.90490
8.89845
8.89038
8.88372
8.87775
8.86792
8.86197
8.85570
8.84994
8.84339
8.83748
8.83119
8.82173
8.81528
8.80908
8.80318
8.79693
8.79073
8.78436
8.77509
8.76849
8.76267
8.75660
8.75071
8.74428
8.73801
8.72843
8.72243
8.71653
8.71055
8.70391
8.69790
8.69197
8.68216
8.67551
8.66904
8.66319
8.65705
8.65104
8.64453
8.63498
8.62870
8.62281
8.61651
8.61062
8.60424
8.59814
8.58853
8.58242
8.57636
8.57026
8.56400
8.55797
8.55197
8.54238
8.53607
8.52756
8.51811
8.50933
8.50283
8.49304
8.48700
8.48060
8.47423
8.46830
8.46218
8.45612
8.44628
8.44028
8.43391
8.42802
8.42167
8.41554
8.40881
8.39930
8.39273
8.38688
8.38040
8.37390
8.36784
8.36155
8.35188
8.34578
8.33966
8.33378
8.32783
8.32154
8.31555
8.30572
8.29961
8.29314
8.28731
8.28102
8.27524
8.26901
8.25938
8.25315
8.24712
8.24087
8.23463
8.22861
8.22222
8.21281
8.20135
8.18981
8.17763
8.16647
8.15504
8.14369
8.12557
8.11359
8.09773
8.08593
8.07433
8.06311
8.05087
8.03348
8.02111
8.00999
7.99756
7.98668
7.97567
7.96355
7.94543
7.93419
7.92299
7.91188
7.90062
7.88928
7.87812
7.86005
7.84842
7.83703
7.82577
7.81434
7.80356
7.79079
7.77386
7.76186
7.75071
7.73875
7.72794
7.71619
7.70521
7.68781
7.67456
7.66086
7.65018
7.63781
7.62660
7.61502
7.59802
7.58629
7.57589
7.56447
7.55352
7.54205
7.53109
7.51342
7.50186
7.49060
7.48003
7.46921
7.45757
7.44698
7.42618
7.41385
7.40342
7.39262
7.38161
7.37096
7.36025
7.34355
7.33222
7.32172
7.31081
7.30032
7.28886
7.27815
7.26136
7.25030
7.23929
7.22886
7.21751
7.20629
7.19431
7.17840
7.16727
7.15640
7.14567
7.13429
7.12268
7.11204
7.09580
7.08538
7.07418
7.06459
7.05454
7.04484
7.03377
7.01929
7.00905
6.99952
6.98887
6.97900
6.96928
6.95968
6.94444
6.93556
6.92519
6.91567
6.90526
6.89630
6.88719
6.87365
6.86474
6.85625
6.84735
6.83883
6.82717
6.81863
6.80546
6.79702
6.78852
6.78052
6.77290
6.76533
6.75799
6.74648
6.73884
6.73171
6.72471
6.71299
6.70627
6.69665
6.69055
6.68462
6.67855
6.67325
6.66783
6.66273
6.65513
6.65034
6.64594
6.64191
6.63770
6.63424
6.63070
6.63507
6.63791
6.64070
6.64366
6.64651
6.64951
6.65235
6.65669
6.65949
6.66240
6.66508
6.66795
6.67076
6.67360
6.67811
6.68123
6.68413
6.68853
6.69189
6.69511
6.70000
