7.39426
7.38868
7.38228
7.37775
7.37386
7.36726
7.36305
7.35900
7.35504
7.35086
7.34690
7.34290
7.33877
7.33232
7.32818
7.32422
7.31993
7.31614
7.31219
7.30795
7.30384
7.29719
7.29164
7.28774
7.28361
7.27932
7.27532
7.27095
7.26444
7.26017
7.25616
7.25204
7.24782
7.24396
7.23991
7.23583
7.22912
7.22503
7.22090
7.21701
7.21315
7.20883
7.20474
7.20060
7.19423
7.19015
7.18621
7.18199
7.17769
7.17285
7.16874
7.16452
7.15767
7.15367
7.14907
7.14471
7.14039
7.13641
7.13199
7.12540
7.12109
7.11690
7.11254
7.10836
7.10411
7.09952
7.09025
7.08570
7.08123
7.07656
7.07254
7.06843
7.06414
7.05753
7.05345
7.04904
7.04511
7.04098
7.03711
7.03312
7.02841
7.02130
7.01509
7.01056
7.00605
7.00134
6.99700
6.99050
6.98304
6.97882
6.97457
6.96672
6.96016
6.95292
6.94618
6.94199
6.93838
6.93471
6.93084
6.92729
6.92353
6.91942
6.91293
6.90904
6.90540
6.90137
6.89756
6.89361
6.88953
6.88545
6.87868
6.87451
6.87027
6.86642
6.86233
6.85835
6.85451
6.85038
6.84400
6.83996
6.83598
6.83203
6.82801
6.82414
6.81942
6.81410
6.80662
6.80151
6.79766
6.79397
6.78993
6.78594
6.78175
6.77513
6.77114
6.76769
6.76357
6.75957
6.75585
6.75196
6.74817
6.74164
6.73802
6.73277
6.72908
6.72545
6.72149
6.71768
6.71389
6.70773
6.70394
6.70021
6.69647
6.69263
6.68798
6.68359
6.67821
6.67102
6.66697
6.66304
6.65938
6.65493
6.65123
6.64734
6.64320
6.63697
6.63277
6.62887
6.62488
6.62116
6.61737
6.61353
6.60988
6.60347
6.59970
6.59579
6.59208
6.58847
6.58458
6.58085
6.57688
6.57067
6.56689
6.56310
6.55939
6.55576
6.55192
6.54817
6.54427
6.53820
6.53422
6.52794
6.52394
6.52025
6.51621
6.51241
6.50860
6.50234
6.50000
6.50000
6.50000
6.50000
6.50000
6.50000
6.50000
6.50000
6.50000
6.50000
6.50000
6.50000
6.50000
6.50000
6.50000
6.50000
6.50000
6.50000
6.50000
6.50000
6.50000
6.50000
6.50000
6.50000
6.50000
6.50000
6.50000
6.50000
6.50000
6.50000
6.50000
6.50000
6.50000
6.50000
6.50000
6.50000
6.50000
6.50000
6.50000
6.50000
6.50000
6.50000
6.50000
6.50000
6.50000
6.50000
6.50000
6.50000
6.50000
6.50000
6.50000
6.50000
6.50000
6.50000
6.50000
6.50000
6.50000
6.50000
6.50000
6.50000
6.50000
6.50000
6.50000
6.50000
6.50000
6.50000
6.50000
6.50000
6.50000
6.50000
6.50000
6.50000
6.50000
6.50000
6.50000
6.50000
6.50000
6.50000
6.50000
6.50000
6.50000
6.50000
6.50000
6.50000
6.50000
6.50000
6.50000
6.50000
6.50000
6.50000
6.50000
6.50000
6.50000
6.50000
6.50000
6.50000
6.50000
6.50000
6.50000
6.50000
6.50000
6.50000
6.50000
6.50000
6.50000
6.50000
6.50000
6.50000
6.50000
6.50000
6.50000
6.50000
6.50000
6.50000
6.50000
6.50000
6.50000
6.50000
6.50000
6.50000
6.50000
6.50000
6.50000
6.50000
6.50000
6.50000
6.50000
6.50000
6.50000
6.50000
6.50000
6.50000
6.50000
6.50000
6.50000
6.50000
6.50000
6.50000
6.50000
6.50000
6.50000
6.50000
6.50000
6.50000
6.50000
6.50000
6.50000
6.50000
6.50000
6.50000
6.50000
6.50000
6.50000
6.50000
6.50000
6.50000
6.50000
6.50000
6.50000
6.50000
6.50000
6.50000
6.50000
6.50000
6.50000
6.50000
6.50000
6.50000
6.50000
6.50000
6.50000
6.50000
6.50000
6.50000
6.50000
6.50000
6.50000
6.50000
6.50000
6.50000
6.50000
6.50000
6.50000
6.50000
6.50000
6.50000
6.50000
6.50000
6.50000
6.50000
6.50000
6.50000
6.50000
6.50000
6.50000
6.50000
6.50000
6.50000
6.50000
6.50000
6.50000
6.50000
6.50000
6.50000
6.50000
6.50000
6.50000
6.50000
6.50000
6.50000
6.50000
6.50000
6.50000
6.50000
6.50000
6.50000
6.50000
6.50000
6.50000
6.50000
6.50000
6.50000
6.50000
6.50000
6.50000
6.50000
6.50000
6.50000
6.50000
6.50000
6.50000
6.50000
6.50000
6.50000
6.50000
6.50000
6.50000
6.50000
6.50000
6.50000
6.50000
6.50000
6.50000
6.50000
6.50000
6.50000
6.50000
6.50000
6.50000
6.50000
6.50000
6.50000
6.50000
6.50000
6.50000
6.50000
6.50000
6.50000
6.50000
6.50000
6.50000
6.50000
6.50000
6.50000
6.50000
6.50000
6.50000
6.50000
6.50000
6.50000
6.50000
6.50000
6.50000
6.50000
6.50000
6.50000
6.50000
6.50000
6.50000
6.50000
6.50000
6.50000
6.50000
6.50000
6.50000
6.50000
6.50000
6.50000
6.50000
6.50000
6.50000
6.50000
6.50000
6.50000
6.50000
6.50000
6.50000
6.50000
6.50000
6.50000
6.50000
6.50000
6.50000
6.50000
6.50000
6.50000
6.50000
6.50000
6.50000
6.50000
6.50000
6.50000
6.50000
6.50000
6.50000
6.50000
6.50000
6.50000
6.50000
6.50000
6.50000
6.50000
6.50000
6.50000
6.50000
6.50000
6.50000
6.50000
6.50000
6.50000
6.50000
6.50000
6.50000
6.50000
6.50000
6.50000
6.50000
6.50000
6.50000
6.50000
6.50000
6.50000
6.50000
6.50000
6.50000
6.50000
6.50000
6.50000
6.50000
6.50000
6.50000
6.50000
6.50000
6.50000
6.50000
6.50000
6.50000
6.50000
6.50000
6.50000
6.50000
6.50000
6.50000
6.50000
6.50000
6.50000
6.50000
6.50000
6.50000
6.50000
6.50000
6.50000
6.50000
6.50000
6.50000
6.50000
6.50000
6.50000
6.50000
6.50000
6.50000
6.50000
6.50000
6.50000
6.50000
6.50000
6.50000
6.50000
6.50000
6.50000
6.50000
6.50000
6.50000
6.50000
6.50000
6.50000
6.50000
6.50000
6.50000
6.50000
6.50000
6.50000
6.50000
6.50000
6.50000
6.50000
6.50000
6.50000
6.50000
6.50000
6.50000
6.50000
6.50000
6.50000
6.50000
6.50000
6.50000
6.50000
6.50000
6.50000
6.50000
6.50000
6.50000
6.50000
6.50000
6.50000
6.50000
6.50000
6.50000
6.50000
6.50000
6.50000
6.50000
6.50000
6.50000
6.50000
6.50000
6.50000
6.50000
6.50000
6.50000
6.50000
6.50000
6.50000
6.50000
6.50000
6.50000
6.50000
6.50000
6.50000
6.50000
6.50000
6.50000
6.50000
6.50000
6.50000
6.50000
6.50000
6.50000
6.50000
6.50000
6.50000
6.50000
6.50000
6.50000
6.50000
6.50000
6.50000
6.50000
6.50000
6.50000
6.50000
6.50000
6.50000
6.50000
6.50000
6.50000
6.50000
6.50000
6.50000
6.50000
6.50000
6.50000
6.50000
6.50000
6.50000
6.50000
6.50000
6.50000
6.50000
6.50000
6.50000
6.50000
6.50000
6.50000
6.50000
6.50000
6.50000
6.50000
6.50000
6.50000
6.50000
6.50000
6.50000
6.50000
6.50000
6.50000
6.50000
6.50000
6.50000
6.50000
6.50000
6.50000
6.50000
6.50000
6.50000
6.50000
6.50000
6.50000
6.50000
6.50000
6.50000
6.50000
6.50000
6.50000
6.50000
6.50000
6.50000
6.50000
6.50000
6.50000
6.50000
6.50000
6.50000
6.50000
6.50000
6.50000
6.50000
6.50000
6.50000
6.50000
6.50000
6.50000
6.50000
6.50000
6.50000
6.50000
6.50000
6.50000
6.50000
6.50000
6.50000
6.50000
6.50000
6.50000
6.50000
6.50000
6.50000
6.50000
6.50000
6.50000
6.50000
6.50000
6.50000
6.50000
6.50000
6.50000
6.50000
6.50000
6.50000
6.50000
6.50000
6.50000
6.50000
6.50000
6.50000
6.50000
6.50000
6.50000
6.50000
6.50000
6.50000
6.50000
6.50000
6.50000
6.50000
6.50000
6.50000
6.50000
6.50000
6.50000
6.50000
6.50000
6.50000
6.50000
6.50000
6.50000
6.50000
6.50000
6.50000
6.50000
6.50000
6.50000
6.50000
6.50000
6.50000
6.50000
6.50000
6.50000
6.50000
6.50000
6.50000
6.50000
6.50000
6.50000
6.50000
6.50000
6.50000
6.50000
6.50000
6.50000
6.50000
6.50000
6.50000
6.50000
6.50000
6.50000
6.50000
6.50000
6.50000
6.50000
6.50000
6.50000
6.50000
6.50000
6.50000
6.50000
6.50000
6.50000
6.50000
6.50000
6.50000
6.50000
6.50000
6.50000
6.50000
6.50000
6.50000
6.50000
6.50000
6.50000
6.50000
6.50000
6.50000
6.50000
6.50000
6.50000
6.50000
6.50000
6.50000
6.50000
6.50000
6.50000
6.50000
6.50000
6.50000
6.50000
6.50000
6.50000
6.50000
6.50000
6.50000
6.50000
6.50000
6.50000
6.50000
6.50000
6.50000
6.50000
6.50000
6.50000
6.50000
6.50000
6.50000
6.50000
6.50000
6.50000
6.50000
6.50000
6.50000
6.50000
6.50000
6.50000
6.50000
6.50000
6.50000
6.50000
6.50000
6.50000
6.50000
6.50000
6.50000
6.50000
6.50000
6.50000
6.50000
6.50000
6.50000
6.50000
6.50000
6.50000
6.50000
6.50000
6.50000
6.50000
6.50000
6.50000
6.50000
6.50000
6.50000
6.50000
6.50000
6.50000
6.50000
6.50000
6.50000
6.50000
6.50000
6.50000
6.50000
6.50000
6.50000
6.50000
6.50000
6.50000
6.50000
6.50000
6.50000
6.50000
6.50000
6.50000
6.50000
6.50000
6.50000
6.50000
6.50000
6.50000
6.50000
6.50000
6.50000
6.50000
6.50000
6.50000
6.50000
6.50000
6.50000
6.50000
6.50000
6.50000
6.50000
6.50000
6.50000
6.50000
6.50000
6.50000
6.50000
6.50000
6.50000
6.50000
6.50000
6.50000
6.50000
6.50000
6.50000
6.50000
6.50000
6.50000
6.50000
6.50000
6.50000
6.50000
6.50000
6.50000
6.50000
6.50000
6.50000
6.50000
6.50000
6.50000
6.50000
6.50000
6.50000
6.50000
6.50000
6.50000
6.50000
6.50000
6.50000
6.50000
6.50000
6.50000
6.50000
6.50000
6.50000
6.50000
6.50000
6.50000
6.50000
6.50000
6.50000
6.50000
6.50000
6.50000
6.50000
6.50000
6.50000
6.50000
6.50000
6.50000
6.50000
6.50000
6.50000
6.50000
6.50000
6.50000
6.50000
6.50000
6.50000
6.50000
6.50000
6.50000
6.50000
6.50000
6.50000
6.50000
6.50000
6.50000
6.50000
6.50000
6.50000
6.50000
6.50000
6.50000
6.50000
6.50000
6.50000
6.50000
6.50000
6.50000
6.50000
6.50000
6.50000
6.50000
6.50000
6.50000
6.50000
6.50000
6.50000
6.50000
6.50000
6.50000
6.50000
6.50000
6.50000
6.50000
6.50000
6.50000
6.50000
6.50000
6.50000
6.50000
6.50000
6.50000
6.50000
6.50000
6.50000
6.50000
6.50000
6.50000
6.50000
6.50000
6.50000
6.50000
6.50000
6.50000
6.50000
6.50000
6.50000
6.50000
6.50000
6.50000
6.50000
6.50000
6.50000
6.50000
6.50000
6.50000
6.50000
6.50000
6.50000
6.50000
6.50000
6.50000
6.50000
6.50000
6.50000
6.50000
6.50000
6.50000
6.50000
6.50000
6.50000
6.50000
6.50000
6.50000
6.50000
6.50000
6.50000
6.50000
6.50000
6.50000
6.50000
6.50000
6.50000
6.50000
6.50000
6.50000
6.50000
6.50000
6.50000
6.50000
6.50000
6.50000
6.50000
6.50000
6.50000
6.50000
6.50000
6.50000
6.50000
6.50000
6.50000
6.50000
6.50000
6.50000
6.50000
6.50000
6.50000
6.50000
6.50000
6.50000
6.50000
6.50000
6.50000
6.50000
6.50000
6.50000
6.50000
6.50000
6.50000
6.50000
6.50000
6.50000
6.50000
6.50000
6.50000
6.50000
6.50000
6.50000
6.50000
6.50000
6.50000
6.50000
6.50000
6.50000
6.50000
6.50000
6.50000
6.50000
6.50000
6.50000
6.50000
6.50000
6.50000
6.50000
6.50000
6.50000
6.50000
6.50000
6.50000
6.50000
6.50000
6.50000
6.50000
6.50000
6.50000
6.50000
6.50000
6.50000
6.50000
6.50000
6.50000
6.50000
6.50000
6.50000
6.50000
6.50000
6.50000
6.50000
6.50000
6.50000
6.50000
6.50000
6.50000
6.50000
6.50000
6.50000
6.50000
6.50000
6.50000
6.50000
6.50000
6.50000
6.50000
6.50000
6.50000
6.50000
6.50000
6.50000
6.50000
6.50000
6.50000
6.50000
6.50000
6.50000
6.50000
6.50000
6.50000
6.50000
6.50000
6.50000
6.50000
6.50000
6.50000
6.50000
6.50000
6.50000
6.50000
6.50000
6.50000
6.50000
6.50000
6.50000
6.50000
6.50000
6.50000
6.50000
6.50000
6.50000
6.50000
6.50000
6.50000
6.50000
6.50000
6.50000
6.50000
6.50000
6.50000
6.50000
6.50000
6.50000
6.50000
6.50000
6.50000
6.50000
6.50000
6.50000
6.50000
6.50000
6.50000
6.50000
6.50000
6.50000
6.50000
6.50000
6.50000
6.50000
6.50000
6.50000
6.50000
6.50000
6.50000
6.50000
6.50000
6.50000
6.50000
6.50000
6.50000
6.50000
6.50000
6.50000
6.50000
6.50000
6.50000
6.50000
6.50000
6.50000
6.50000
6.50000
6.50000
6.50000
6.50000
6.50000
6.50000
6.50000
6.50000
6.50000
6.50000
6.50000
6.50000
6.50000
6.50000
6.50000
6.50000
6.50000
6.50000
6.50000
6.50000
6.50000
6.50000
6.50000
6.50000
6.50000
6.50000
6.50000
6.50000
6.50000
6.50000
6.50000
6.50000
6.50000
6.50000
6.50000
6.50000
6.50000
6.50000
6.50000
6.50000
6.50000
6.50000
6.50000
6.50000
6.50000
6.50000
6.50000
6.50000
6.50000
6.50000
6.50000
6.50000
6.50000
6.50000
6.50000
6.50000
6.50000
6.50000
6.50000
6.50000
6.50000
6.50000
6.50000
6.50000
6.50000
6.50000
6.50000
6.50000
6.50000
6.50000
6.50000
6.50000
6.50000
6.50000
6.50000
6.50000
6.50000
6.50000
6.50000
6.50000
6.50000
6.50000
6.50000
6.50000
6.50000
6.50000
6.50000
6.50000
6.50000
6.50000
6.50000
6.50000
6.50000
6.50000
6.50000
6.50000
6.50000
6.50000
6.50000
6.50000
6.50000
6.50000
6.50000
6.50000
6.50000
6.50000
6.50000
6.50000
6.50000
6.50000
6.50000
6.50000
6.50000
6.50000
6.50000
6.50000
6.50000
6.50000
6.50000
6.50000
6.50000
6.50000
6.50000
6.50000
6.50000
6.50000
6.50000
6.50000
6.50000
6.50000
6.50000
6.50000
6.50000
6.50000
6.50000
6.50000
6.50000
6.50000
6.50000
6.50000
6.50000
6.50000
6.50000
6.50000
6.50000
6.50000
6.50000
6.50000
6.50000
6.50000
6.50000
6.50000
6.50000
6.50000
6.50000
6.50000
6.50000
6.50000
6.50000
6.50000
6.50000
6.50000
6.50000
6.50000
6.50000
6.50000
6.50000
6.50000
6.50000
6.50000
6.50000
6.50000
6.50000
6.50000
6.50000
6.50000
6.50000
6.50000
6.50000
6.50000
6.50000
6.50000
6.50000
6.50000
6.50000
6.50000
6.50000
6.50000
6.50000
6.50000
6.50000
6.50000
6.50000
6.50000
6.50000
6.50000
6.50000
6.50000
6.50000
6.50000
6.50000
6.50000
6.50000
6.50000
6.50000
6.50000
6.50000
6.50000
6.50000
6.50000
6.50000
6.50000
6.50000
6.50000
6.50000
6.50000
6.50000
6.50000
6.50000
6.50000
6.50000
6.50000
6.50000
6.50000
6.50000
6.50000
6.50000
6.50000
6.50000
6.50000
6.50000
6.50000
6.50000
6.50000
6.50000
6.50000
6.50000
6.50000
6.50000
6.50000
6.50000
6.50000
6.50000
6.50000
6.50000
6.50000
6.50000
6.50000
6.50000
6.50000
6.50000
6.50000
6.50000
6.50000
6.50000
6.50000
6.50000
6.50000
6.50000
6.50000
6.50000
6.50000
6.50000
6.50000
6.50000
6.50000
6.50000
6.50000
6.50000
6.50000
6.50000
6.50000
6.50000
6.50000
6.50000
6.50000
6.50000
6.50000
6.50000
6.50000
6.50000
6.50000
6.50000
6.50000
6.50000
6.50000
6.50000
6.50000
6.50000
6.50000
6.50000
6.50000
6.50000
6.50000
6.50000
6.50000
6.50000
6.50000
6.50000
6.50000
6.50000
6.50000
6.50000
6.50000
6.50000
6.50000
6.50000
6.50000
6.50000
6.50000
6.50000
6.50000
6.50000
6.50000
6.50000
6.50000
6.50000
6.50000
6.50000
6.50000
6.50000
6.50000
6.50000
6.50000
6.50000
6.50000
6.50000
6.50000
6.50000
6.50000
6.50000
6.50000
6.50000
6.50000
6.50000
6.50000
6.50000
6.50000
6.50000
6.50000
6.50000
6.50000
6.50000
6.50000
6.50000
6.50000
6.50000
6.50000
6.50000
6.50000
6.50000
6.50000
6.50000
6.50000
6.50000
6.50000
6.50000
6.50000
6.50000
6.50000
6.50000
6.50000
6.50000
6.50000
6.50000
6.50000
6.50000
6.50000
6.50000
6.50000
6.50000
6.50000
6.50000
6.50000
6.50000
6.50000
6.50000
6.50000
6.50000
6.50000
6.50000
6.50000
6.50000
6.50000
6.50000
6.50000
6.50000
6.50000
6.50000
6.50000
6.50000
6.50000
6.50000
6.50000
6.50000
6.50000
6.50000
6.50000
6.50000
6.50000
6.50000
6.50000
6.50000
6.50000
6.50000
6.50000
6.50000
6.50000
6.50000
6.50000
6.50000
6.50000
6.50000
6.50000
6.50000
6.50000
6.50000
6.50000
6.50000
6.50000
6.50000
6.50000
6.50000
6.50000
6.50000
6.50000
6.50000
6.50000
6.50000
6.50000
6.50000
6.50000
6.50000
6.50000
6.50000
6.50000
6.50000
6.50000
6.50000
6.50000
6.50000
6.50000
6.50000
6.50000
6.50000
6.50000
6.50000
6.50000
6.50000
6.50000
6.50000
6.50000
6.50000
6.50000
6.50000
6.50000
6.50000
6.50000
6.50000
6.50000
6.50000
6.50000
6.50000
6.50000
6.50000
6.50000
6.50000
6.50000
6.50000
6.50000
6.50000
6.50000
6.50000
6.50000
6.50000
6.50000
6.50000
6.50000
6.50000
6.50000
6.50000
6.50000
6.50000
6.50000
6.50000
6.50000
6.50000
6.50000
6.50000
6.50000
6.50000
6.50000
6.50000
6.50000
6.50000
6.50000
6.50000
6.50000
6.50000
6.50000
6.50000
6.50000
6.50000
6.50000
6.50000
6.50000
6.50000
6.50000
6.50000
6.50000
6.50000
6.50000
6.50000
6.50000
6.50000
6.50000
6.50000
6.50000
6.50000
6.50000
6.50000
6.50000
6.50000
6.50000
6.50000
6.50000
6.50000
6.50000
6.50000
6.50000
6.50000
6.50000
6.50000
6.50000
6.50000
6.50000
6.50000
6.50000
6.50000
6.50000
6.50000
6.50000
6.50000
6.50000
6.50000
6.50000
6.50000
6.50000
6.50000
6.50000
6.50000
6.50000
6.50000
6.50000
6.50000
6.50000
6.50000
6.50000
6.50000
6.50000
6.50000
6.50000
6.50000
6.50000
6.50000
6.50000
6.50000
6.50000
6.50000
6.50000
6.50000
6.50000
6.50000
6.50000
6.50000
6.50000
6.50000
6.50000
6.50000
6.50000
6.50000
6.50000
6.50000
6.50000
6.50000
6.50000
6.50000
6.50000
6.50000
6.50000
6.50000
6.50000
6.50000
6.50000
6.50000
6.50000
6.50000
6.50000
6.50000
6.50000
6.50000
6.50000
6.50000
6.50000
6.50000
6.50000
6.50000
6.50000
6.50000
6.50000
6.50000
6.50000
6.50000
6.50000
6.50000
6.50000
6.50000
6.50000
6.50000
6.50000
6.50000
6.50000
6.50000
6.50000
6.50000
6.50000
6.50000
6.50000
6.50000
6.50000
6.50000
6.50000
6.50000
6.50000
6.50000
6.50000
6.50000
6.50000
6.50000
6.50000
6.50000
6.50000
6.50000
6.50000
6.50000
6.50000
6.50000
6.50000
6.50000
6.50000
6.50000
6.50000
6.50000
6.50000
6.50000
6.50000
6.50000
6.50000
6.50000
6.50000
6.50000
6.50000
6.50000
6.50000
6.50000
6.50000
6.50000
6.50000
6.50000
6.50000
6.50000
6.50000
6.50000
6.50000
6.50000
6.50000
6.50000
6.50000
6.50000
6.50000
6.50000
6.50000
6.50000
6.50000
6.50000
6.50000
6.50000
6.50000
6.50000
6.50000
6.50000
6.50000
6.50000
6.50000
6.50000
6.50000
6.50000
6.50000
6.50000
6.50000
6.50000
6.50000
6.50000
6.50000
6.50000
6.50000
6.50000
6.50000
6.50000
6.50000
6.50000
6.50000
6.50000
6.50000
6.50000
6.50000
6.50000
6.50000
6.50000
6.50000
6.50000
6.50000
6.50000
6.50000
6.50000
6.50000
6.50000
6.50000
6.50000
6.50000
6.50000
6.50000
6.50000
6.50000
6.50000
6.50000
6.50000
6.50000
6.50000
6.50000
6.50000
6.50000
6.50000
6.50000
6.50000
6.50000
6.50000
6.50000
6.50000
6.50000
6.50000
6.50000
6.50000
6.50000
6.50000
6.50000
6.50000
6.50000
6.50000
6.50000
6.50000
6.50000
6.50000
6.50000
6.50000
6.50000
6.50000
6.50000
6.50000
6.50000
6.50000
6.50000
6.50000
6.50000
6.50000
6.50000
6.50000
6.50000
6.50000
6.50000
6.50000
6.50000
6.50000
6.50000
6.50000
6.50000
6.50000
6.50000
6.50000
6.50000
6.50000
6.50000
6.50000
6.50000
6.50000
6.50000
6.50000
6.50000
6.50000
6.50000
6.50000
6.50000
6.50000
6.50000
6.50000
6.50000
6.50000
6.50000
6.50000
6.50000
6.50000
6.50000
6.50000
6.50000
6.50000
6.50000
6.50000
6.50000
6.50000
6.50000
6.50000
6.50000
6.50000
6.50000
6.50000
6.50000
6.50000
6.50000
6.50000
6.50000
6.50000
6.50000
6.50000
6.50000
6.50000
6.50000
6.50000
6.50000
6.50000
6.50000
6.50000
6.50000
6.50000
6.50000
6.50000
6.50000
6.50000
6.50000
6.50000
6.50000
6.50000
6.50000
6.50000
6.50000
6.50000
6.50000
6.50000
6.50000
6.50000
6.50000
6.50000
6.50000
6.50000
6.50000
6.50000
6.50000
6.50000
6.50000
6.50000
6.50000
6.50000
6.50000
6.50000
6.50000
6.50000
6.50000
6.50000
6.50000
6.50000
6.50000
6.50000
6.50000
6.50000
6.50000
6.50000
6.50000
6.50000
6.50000
6.50000
6.50000
6.50000
6.50000
6.50000
6.50000
6.50000
6.50000
6.50000
6.50000
6.50000
6.50000
6.50000
6.50000
6.50000
6.50000
6.50000
6.50000
6.50000
6.50000
6.50000
6.50000
6.50000
6.50000
6.50000
6.50000
6.50000
6.50000
6.50000
6.50000
6.50000
6.50000
6.50000
6.50000
6.50000
6.50000
6.50000
6.50000
6.50000
6.50000
6.50000
6.50000
6.50000
6.50000
6.50000
6.50000
6.50000
6.50000
6.50000
6.50000
6.50000
6.50000
6.50000
6.50000
6.50000
6.50000
6.50000
6.50000
6.50000
6.50000
6.50000
6.50000
6.50000
6.50000
6.50000
6.50000
6.50000
6.50000
6.50000
6.50000
6.50000
6.50000
6.50000
6.50000
6.50000
6.50000
6.50000
6.50000
6.50000
6.50000
6.50000
6.50000
6.50000
6.50000
6.50000
6.50000
6.50000
6.50000
6.50000
6.50000
6.50000
6.50000
6.50000
6.50000
6.50000
6.50000
6.50000
6.50000
6.50000
6.50000
6.50000
6.50000
6.50000
6.50000
6.50000
6.50000
6.50000
6.50000
6.50000
6.50000
6.50000
6.50000
6.50000
6.50000
6.50000
6.50000
6.50000
6.50000
6.50000
6.50000
6.50000
6.50000
6.50000
6.50000
6.50000
6.50000
6.50000
6.50000
6.50000
6.50000
6.50000
6.50000
6.50000
6.50000
6.50000
6.50000
6.50000
6.50000
6.50000
6.50000
6.50000
6.50000
6.50000
6.50000
6.50000
6.50000
6.50000
6.50000
6.50000
6.50000
6.50000
6.50000
6.50000
6.50000
6.50000
6.50000
6.50000
6.50000
6.50000
6.50000
6.50000
6.50000
6.50000
6.50000
6.50000
6.50000
6.50000
6.50000
6.50000
6.50000
6.50000
6.50000
6.50000
6.50000
6.50000
6.50000
6.50000
6.50000
6.50000
6.50000
6.50000
6.50000
6.50000
6.50000
6.50000
6.50000
6.50000
6.50000
6.50000
6.50000
6.50000
6.50000
6.50000
6.50000
6.50000
6.50000
6.50000
6.50000
6.50000
6.50000
6.50000
6.50000
6.50000
6.50000
6.50000
6.50000
6.50000
6.50000
6.50000
6.50000
6.50000
6.50000
6.50000
6.50000
6.50000
6.50000
6.50000
6.50000
6.50000
6.50000
6.50000
6.50000
6.50000
6.50000
6.50000
6.50000
6.50000
6.50000
6.50000
6.50000
6.50000
6.50000
6.50000
6.50000
6.50000
6.50000
6.50000
6.50000
6.50000
6.50000
6.50000
6.50000
6.50000
6.50000
6.50000
6.50000
6.50000
6.50000
6.50000
6.50000
6.50000
6.50000
6.50000
6.50000
6.50000
6.50000
6.50000
6.50000
6.50000
6.50000
6.50000
6.50000
6.50000
6.50000
6.50000
6.50000
6.50000
6.50000
6.50000
6.50000
6.50000
6.50000
6.50000
6.50000
6.50000
6.50000
6.50000
6.50000
6.50000
6.50000
6.50000
6.50000
6.50000
6.50000
6.50000
6.50000
6.50000
6.50000
6.50000
6.50000
6.50000
6.50000
6.50000
6.50000
6.50000
6.50000
6.50000
6.50000
6.50000
6.50000
6.50000
6.50000
6.50000
6.50000
6.50000
6.50000
6.50000
6.50000
6.50000
6.50000
6.50000
6.50000
6.50000
6.50000
6.50000
6.50000
6.50000
6.50000
6.50000
6.50000
6.50000
6.50000
6.50000
6.50000
6.50000
6.50000
6.50000
6.50000
6.50000
6.50000
6.50000
6.50000
6.50000
6.50000
6.50000
6.50000
6.50000
6.50000
6.50000
6.50000
6.50000
6.50000
6.50000
6.50000
6.50000
6.50000
6.50000
6.50000
6.50000
6.50000
6.50000
6.50000
6.50000
6.50000
6.50000
6.50000
6.50000
6.50000
6.50000
6.50000
6.50000
6.50000
6.50000
6.50000
6.50000
6.50000
6.50000
6.50000
6.50000
6.50000
6.50000
6.50000
6.50000
6.50000
6.50000
6.50000
6.50000
6.50000
6.50000
6.50000
6.50000
6.50000
6.50000
6.50000
6.50000
6.50000
6.50000
6.50000
6.50000
6.50000
6.50000
6.50000
6.50000
6.50000
6.50000
6.50000
6.50000
6.50000
6.50000
6.50000
6.50000
6.50000
6.50000
6.50000
6.50000
6.50000
6.50000
6.50000
6.50000
6.50000
6.50000
6.50000
6.50000
6.50000
6.50000
6.50000
6.50000
6.50000
6.50000
6.50000
6.50000
6.50000
6.50000
6.50000
6.50000
6.50000
6.50000
6.50000
6.50000
6.50000
6.50000
6.50000
6.50000
6.50000
6.50000
6.50000
6.50000
6.50000
6.50000
6.50000
6.50000
6.50000
6.50000
6.50000
6.50000
6.50000
6.50000
6.50000
6.50000
6.50000
6.50000
6.50000
6.50000
6.50000
6.50000
6.50000
6.50000
6.50000
6.50000
6.50000
6.50000
6.50000
6.50000
6.50000
6.50000
6.50000
6.50000
6.50000
6.50000
6.50000
6.50000
6.50000
6.50000
6.50000
6.50000
6.50000
6.50000
6.50000
6.50000
6.50000
6.50000
6.50000
6.50000
6.50000
6.50000
6.50000
6.50000
6.50000
6.50000
6.50000
6.50000
6.50000
6.50000
6.50000
6.50000
6.50000
6.50000
6.50000
6.50000
6.50000
6.50000
6.50000
6.50000
6.50000
6.50000
6.50000
6.50000
6.50000
6.50000
6.50000
6.50000
6.50000
6.50000
6.50000
6.50000
6.50000
6.50000
6.50000
6.50000
6.50000
6.50000
6.50000
6.50000
6.50000
6.50000
6.50000
6.50000
6.50000
6.50000
6.50000
6.50000
6.50000
6.50000
6.50000
6.50000
6.50000
6.50000
6.50000
6.50000
6.50000
6.50000
6.50000
6.50000
6.50000
6.50000
6.50000
6.50000
6.50000
6.50000
6.50000
6.50000
6.50000
6.50000
6.50000
6.50000
6.50000
6.50000
6.50000
6.50000
6.50000
6.50000
6.50000
6.50000
6.50000
6.50000
6.50000
6.50000
6.50000
6.50000
6.50000
6.50000
6.50000
6.50000
6.50000
6.50000
6.50000
6.50000
6.50000
6.50000
6.50000
6.50000
6.50000
6.50000
6.50000
6.50000
6.50000
6.50000
6.50000
6.50000
6.50000
6.50000
6.50000
6.50000
6.50000
6.50000
6.50000
6.50000
6.50000
6.50000
6.50000
6.50000
6.50000
6.50000
6.50000
6.50000
6.50000
6.50000
6.50000
6.50000
6.50000
6.50000
6.50000
6.50000
6.50000
6.50000
6.50000
6.50000
6.50000
6.50000
6.50000
6.50000
6.50000
6.50000
6.50000
6.50000
6.50000
6.50000
6.50000
6.50000
6.50000
6.50000
6.50000
6.50000
6.50000
6.50000
6.50000
6.50000
6.50000
6.50000
6.50000
6.50000
6.50000
6.50000
6.50000
6.50000
6.50000
6.50000
6.50000
6.50000
6.50000
6.50000
6.50000
6.50000
6.50000
6.50000
6.50000
6.50000
6.50000
6.50000
6.50000
6.50000
6.50000
6.50000
6.50000
6.50000
6.50000
6.50000
6.50000
6.50000
6.50000
6.50000
6.50000
6.50000
6.50000
6.50000
6.50000
6.50000
6.50000
6.50000
6.50000
6.50000
6.50000
6.50000
6.50000
6.50000
6.50000
6.50000
6.50000
6.50000
6.50000
6.50000
6.50000
6.50000
6.50000
6.50000
6.50000
6.50000
6.50000
6.50000
6.50000
6.50000
6.50000
6.50000
6.50000
6.50000
6.50000
6.50000
6.50000
6.50000
6.50000
6.50000
6.50000
6.50000
6.50000
6.50000
6.50000
6.50000
6.50000
6.50000
6.50000
6.50000
6.50000
6.50000
6.50000
6.50000
6.50000
6.50000
6.50000
6.50000
6.50000
6.50000
6.50000
6.50000
6.50000
6.50000
6.50000
6.50000
6.50000
6.50000
6.50000
6.50000
6.50000
6.50000
6.50000
6.50000
6.50000
6.50000
6.50000
6.50000
6.50000
6.50000
6.50000
6.50000
6.50000
6.50000
6.50000
6.50000
6.50000
6.50000
6.50000
6.50000
6.50000
6.50000
6.50000
6.50000
6.50000
6.50000
6.50000
6.50000
6.50000
6.50000
6.50000
6.50000
6.50000
6.50000
6.50000
6.50000
6.50000
6.50000
6.50000
6.50000
6.50000
6.50000
6.50000
6.50000
6.50000
6.50000
6.50000
6.50000
6.50000
6.50000
6.50000
6.50000
6.50000
6.50000
6.50000
6.50000
6.50000
6.50000
6.50000
6.50000
6.50000
6.50000
6.50000
6.50000
6.50000
6.50000
6.50567
6.51508
6.52090
6.52880
6.53487
6.54354
6.54908
6.55522
6.56432
6.57068
6.57646
6.58264
6.58849
6.59423
6.60034
6.60951
6.61557
6.62126
6.62753
6.63318
6.63930
6.64491
6.65070
6.66018
6.66628
6.67233
6.67800
6.68390
6.68967
6.69573
6.70490
6.71116
6.71675
6.72288
6.72864
6.73441
6.74033
6.74627
6.75565
6.76131
6.76766
6.77342
6.77913
6.78468
6.79037
6.79618
6.80531
6.81113
6.81682
6.82321
6.82892
6.83469
6.84056
6.84621
6.85538
6.86128
6.86761
6.87350
6.87952
6.88515
6.89096
6.89890
6.90807
6.91377
6.91987
6.92582
6.93140
6.93763
6.94331
6.94973
6.95891
6.96509
6.97080
6.97658
6.98236
6.98832
6.99417
6.99983
7.00947
7.01542
7.02141
7.02726
7.03306
7.03903
7.04461
7.05055
7.05961
7.06553
7.07111
7.07734
7.08297
7.08870
7.09440
7.10029
7.10950
7.11527
7.12127
7.12684
7.13282
7.14449
7.15040
7.15976
7.16572
7.17172
7.17779
7.18368
7.18959
7.19594
7.20500
7.21143
7.21737
7.22302
7.22880
7.23439
7.24068
7.24648
7.25585
7.26153
7.26769
7.27545
7.28136
7.28719
7.29304
7.30219
7.30839
7.31428
7.32010
7.32598
7.33150
7.33774
7.34367
7.35373
7.35929
7.36500
7.37095
7.37691
7.38310
7.38883
7.39842
7.40431
7.41017
7.41591
7.42221
7.42792
7.43354
7.43935
7.44856
7.45447
7.46038
7.46618
7.47220
7.47802
7.48364
7.48956
7.49897
7.50489
7.51071
7.51640
7.52228
7.52803
7.53382
7.53962
7.54904
7.55504
7.56103
7.56700
7.57265
7.57834
7.58404
7.59033
7.59933
7.59934
7.59935
7.59937
7.59938
7.59939
7.59940
7.59941
7.59943
7.59944
7.59945
7.59947
7.59948
7.59949
7.59950
7.59952
7.59953
7.59954
7.59955
7.59956
7.59957
7.59959
7.59961
7.59962
7.59963
7.59965
7.59966
7.59967
7.59968
7.59970
7.59971
7.59972
7.59973
7.59974
7.59975
7.59976
7.59978
7.59979
7.59981
7.59982
7.59983
7.59984
7.59985
7.59986
7.59987
7.59989
7.59990
7.59991
7.59993
7.59994
7.59995
7.59996
7.59997
7.59999
7.60000
7.60001
7.60002
7.60003
7.60005
7.60006
7.60007
7.60009
7.60010
7.60011
7.60012
7.60013
7.60015
7.60017
7.60018
7.60020
7.60021
7.60022
7.60024
7.60025
7.60027
7.60028
7.60029
7.60030
7.60032
7.60033
7.60034
7.60036
7.60037
7.60038
7.60039
7.60040
7.60041
7.60043
7.60044
7.60045
7.60047
7.60048
7.60049
7.60050
7.60051
7.60053
7.60054
7.60055
7.60056
7.60058
7.60059
7.60060
7.60062
7.60063
7.60064
7.60065
7.60066
7.60067
7.60069
7.60070
7.60071
7.60072
7.60074
7.60075
7.60076
7.60077
7.60080
7.60081
7.60082
7.60084
7.60085
7.60086
7.60089
7.60090
7.60091
7.60092
7.60093
7.60095
7.60096
7.60098
7.60099
7.60100
7.60101
7.60102
7.60103
7.60104
7.60106
7.60108
7.60109
7.60111
7.60112
7.60114
7.60115
7.60117
7.60118
7.60119
7.60120
7.60121
7.60123
7.60124
7.60126
7.60127
7.60128
7.60129
7.60130
7.60131
7.60132
7.60134
7.60135
7.60137
7.60138
7.60140
7.60141
7.60142
7.60144
7.60145
7.60147
7.60148
7.60149
7.60150
7.60151
7.60153
7.60154
7.60155
7.60156
7.60157
7.60158
7.60160
7.60161
7.60162
7.60164
7.60165
7.60166
7.60167
7.60168
7.60170
7.60171
7.60173
7.60174
7.60176
7.60177
7.60178
7.60179
7.60181
7.60183
7.60184
7.60185
7.60186
7.60187
7.60189
7.60191
7.60192
7.60193
7.60194
7.60195
7.60196
7.60197
7.60199
7.60200
7.60202
7.60203
7.60204
7.60205
7.60206
7.60208
7.60209
7.60211
7.60212
7.60214
7.60215
7.60216
7.60218
7.60219
7.60220
7.60222
7.60223
7.60224
7.60225
7.60227
7.60228
7.60229
7.60229
7.60229
7.60229
7.60229
7.60229
7.60229
7.60229
7.60229
7.60229
7.60229
7.60229
7.60229
7.60229
7.60229
7.60229
7.60229
7.60229
7.60229
7.60229
7.60229
7.60229
7.60229
7.60229
7.60229
7.60229
7.60229
7.60229
7.60229
7.60229
7.60229
7.60229
7.60229
7.60229
7.60229
7.60229
7.60229
7.60229
7.60229
7.60229
7.60229
7.60229
7.60229
7.60229
7.60229
7.60229
7.60229
7.60229
7.60229
7.60229
7.60229
7.60229
7.60229
7.60229
7.60229
7.60229
7.60229
7.60229
7.60229
7.60229
7.60229
7.60229
7.60229
7.60229
7.60229
7.60229
7.60229
7.60229
7.60229
7.60229
7.60229
7.60229
7.60229
7.60229
7.60229
7.60229
7.60229
7.60229
7.60229
7.60229
7.60229
7.60229
7.60229
7.60229
7.60229
7.60229
7.60229
7.60229
7.60229
7.60229
7.60229
7.60229
7.60229
7.60229
7.60229
7.60229
7.60229
7.60229
7.60229
7.60229
7.60229
7.60229
7.60229
7.60229
7.60229
7.60229
7.60229
7.60229
7.60229
7.60229
7.60229
7.60229
7.60229
7.60229
7.60229
7.60229
7.60229
7.60229
7.60229
7.60229
7.60229
7.60229
7.60229
7.60229
7.60229
7.60229
7.60229
7.60229
7.60229
7.60229
7.60229
7.60229
7.60230
7.60231
7.60233
7.60234
7.60235
7.60236
7.60238
7.60239
7.60240
7.60242
7.60243
7.60244
7.60245
7.60248
7.60249
7.60250
7.60251
7.60252
7.60254
7.60255
7.60257
7.60258
7.60259
7.60260
7.60261
7.60262
7.60264
7.60265
7.60266
7.60268
7.60269
7.60270
7.60271
7.60273
7.60274
7.60275
7.60276
7.60278
7.60279
7.60280
7.60282
7.60283
7.60284
7.60285
7.60286
7.60288
7.60290
7.60292
7.60293
7.60294
7.60296
7.60297
7.60298
7.60299
7.60301
7.60302
7.60304
7.60305
7.60306
7.60307
7.60308
7.60310
7.60311
7.60312
7.60313
7.60315
7.60316
7.60317
7.60319
7.60320
7.60321
7.60322
7.60323
7.60324
7.60326
7.60327
7.60328
7.60330
7.60331
7.60332
7.60333
7.60334
7.60336
7.60337
7.60338
7.60339
7.60341
7.60342
7.60343
7.60343
7.60343
7.60343
7.60343
7.60343
7.60343
7.60343
7.60343
7.60343
7.60343
7.60343
7.60343
7.60343
7.60343
7.60343
7.60343
7.60343
7.60343
7.60343
7.60343
7.60343
7.60343
7.60343
7.60343
7.60343
7.60343
7.60343
7.60343
7.60343
7.60343
7.60343
7.60343
7.60343
7.60343
7.60343
7.60343
7.60343
7.60343
7.60343
7.60343
7.60343
7.60343
7.60343
7.60343
7.60343
7.60343
7.60343
7.60343
7.60343
7.60343
7.60343
7.60343
7.60343
7.60343
7.60343
7.60343
7.60343
7.60343
7.60343
7.60343
7.60343
7.60343
7.60343
7.60343
7.60343
7.60343
7.60343
7.60343
7.60343
7.60343
7.60343
7.60343
7.60343
7.60343
7.60343
7.60343
7.60343
7.60343
7.60343
7.60343
7.60343
7.60343
7.60343
7.60343
7.60343
7.60343
7.60343
7.60343
7.60343
7.60343
7.60343
7.60343
7.60343
7.60343
7.60343
7.60343
7.60343
7.60343
7.60343
7.60343
7.60343
7.60343
7.60343
7.60343
7.60343
7.60343
7.60343
7.60343
7.60343
7.60343
7.60343
7.60343
7.60343
7.60343
7.60343
7.60343
7.60343
7.60343
7.60343
7.60343
7.60343
7.60343
7.60343
7.60343
7.60343
7.60343
7.60343
7.60343
7.60343
7.60343
7.60343
7.60343
7.60345
7.60346
7.60347
7.60348
7.60349
7.60351
7.60352
7.60354
7.60355
7.60356
7.60357
7.60358
7.60359
7.60360
7.60361
7.60363
7.60364
7.60366
7.60367
7.60368
7.60369
7.60370
7.60372
7.60373
7.60374
7.60375
7.60376
7.60378
7.60379
7.60381
7.60382
7.60383
7.60384
7.60385
7.60387
7.60388
7.60390
7.60391
7.60392
7.60393
7.60394
7.60396
7.60397
7.60399
7.60401
7.60402
7.60403
7.60405
7.60406
7.60407
7.60409
7.60410
7.60412
7.60413
7.60414
7.60415
7.60416
7.60419
7.60420
7.60422
7.60423
7.60424
7.60425
7.60426
7.60428
7.60429
7.60430
7.60431
7.60432
7.60434
7.60435
7.60437
7.60438
7.60439
7.60440
7.60441
7.60442
7.60443
7.60445
7.60446
7.60448
7.60449
7.60450
7.60451
7.60452
7.60454
7.60455
7.60456
7.60457
7.60459
7.60461
7.60462
7.60464
7.60465
7.60467
7.60468
7.60469
7.60470
7.60471
7.60473
7.60475
7.60476
7.60477
7.60478
7.60479
7.60481
7.60483
7.60484
7.60485
7.60486
7.60488
7.60489
7.60491
7.60493
7.60494
7.60496
7.60497
7.60498
7.60500
7.60502
7.60503
7.60504
7.60505
7.60506
7.60507
7.60509
7.60510
7.60511
7.60512
7.60514
7.60515
7.60516
7.60518
7.60519
7.60520
7.60521
7.60522
7.60524
7.60525
7.60526
7.60528
7.60529
7.60530
7.60531
7.60533
7.60535
7.60536
7.60538
7.60539
7.60540
7.60542
7.60543
7.60545
7.60546
7.60547
7.60548
7.60549
7.60550
7.60551
7.60553
7.60554
7.60556
7.60558
7.60559
7.60560
7.60563
7.60564
7.60566
7.60567
7.60568
7.60569
7.60571
7.60572
7.60573
7.60575
7.60576
7.60577
7.60578
7.60581
7.60582
7.60584
7.60585
7.60586
7.60588
7.60590
7.60592
7.60593
7.60594
7.60596
7.60597
7.60599
7.60600
7.60601
7.60601
7.60601
7.60601
7.60601
7.60601
7.60601
7.60601
7.60601
7.60601
7.60601
7.60601
7.60601
7.60601
7.60601
7.60601
7.60601
7.60601
7.60601
7.60601
7.60601
7.60601
7.60601
7.60601
7.60601
7.60601
7.60601
7.60601
7.60601
7.60601
7.60601
7.60601
7.60601
7.60601
7.60601
7.60601
7.60601
7.60601
7.60601
7.60601
7.60601
7.60601
7.60601
7.60601
7.60601
7.60601
7.60601
7.60601
7.60601
7.60601
7.60601
7.60601
7.60601
7.60601
7.60601
7.60601
7.60601
7.60601
7.60601
7.60601
7.60601
7.60601
7.60601
7.60601
7.60601
7.60601
7.60601
7.60601
7.60601
7.60601
7.60601
7.60601
7.60601
7.60601
7.60601
7.60601
7.60601
7.60601
7.60601
7.60601
7.60601
7.60601
7.60601
7.60601
7.60601
7.60601
7.60601
7.60601
7.60601
7.60601
7.60601
7.60601
7.60601
7.60601
7.60601
7.60601
7.60601
7.60601
7.60601
7.60601
7.60601
7.60601
7.60601
7.60601
7.60601
7.60601
7.60601
7.60601
7.60601
7.60601
7.60601
7.60601
7.60601
7.60601
7.60601
7.60601
7.60601
7.60601
7.60601
7.60601
7.60601
7.60601
7.60601
7.60601
7.60601
7.60601
7.60601
7.60603
7.60604
7.60605
7.60607
7.60608
7.60609
7.60610
7.60612
7.60613
7.60615
7.60616
7.60618
7.60619
7.60621
7.60622
7.60624
7.60625
7.60626
7.60627
7.60628
7.60630
7.60631
7.60632
7.60634
7.60635
7.60636
7.60637
7.60639
7.60640
7.60641
7.60642
7.60643
7.60645
7.60646
7.60648
7.60649
7.60650
7.60651
7.60652
7.60653
7.60655
7.60656
7.60658
7.60659
7.60660
7.60661
7.60662
7.60663
7.60666
7.60667
7.60668
7.60670
7.60671
7.60672
7.60674
7.60676
7.60677
7.60678
7.60679
7.60681
7.60682
7.60683
7.60685
7.60686
7.60687
7.60688
7.60690
7.60691
7.60693
7.60694
7.60695
7.60696
7.60698
7.60699
7.60700
7.60702
7.60703
7.60704
7.60706
7.60707
7.60708
7.60709
7.60711
7.60712
7.60713
7.60715
7.60716
7.60717
7.60717
7.60717
7.60717
7.60717
7.60717
7.60717
7.60717
7.60717
7.60717
7.60717
7.60717
7.60717
7.60717
7.60717
7.60717
7.60717
7.60717
7.60717
7.60717
7.60717
7.60717
7.60717
7.60717
7.60717
7.60717
7.60717
7.60717
7.60717
7.60717
7.60717
7.60717
7.60717
7.60717
7.60717
7.60717
7.60717
7.60717
7.60717
7.60717
7.60717
7.60717
7.60717
7.60717
7.60717
7.60717
7.60717
7.60717
7.60717
7.60717
7.60717
7.60717
7.60717
7.60717
7.60717
7.60717
7.60717
7.60717
7.60717
7.60717
7.60717
7.60717
7.60717
7.60717
7.60717
7.60717
7.60717
7.60717
7.60717
7.60717
7.60717
7.60717
7.60717
7.60717
7.60717
7.60717
7.60717
7.60717
7.60717
7.60717
7.60717
7.60717
7.60717
7.60717
7.60717
7.60717
7.60717
7.60717
7.60717
7.60717
7.60717
7.60717
7.60717
7.60717
7.60717
7.60717
7.60717
7.60717
7.60717
7.60717
7.60717
7.60717
7.60717
7.60717
7.60717
7.60717
7.60717
7.60717
7.60717
7.60717
7.60717
7.60717
7.60717
7.60717
7.60717
7.60717
7.60717
7.60717
7.60717
7.60717
7.60717
7.60717
7.60717
7.60717
7.60717
7.60717
7.60717
7.60717
7.60717
7.60717
7.60717
7.60717
7.60717
7.60717
7.60717
7.60719
7.60720
7.60721
7.60722
7.60723
7.60725
7.60726
7.60728
7.60729
7.60730
7.60731
7.60732
7.60733
7.60735
7.60736
7.60738
7.60739
7.60740
7.60741
7.60743
7.60744
7.60746
7.60747
7.60748
7.60749
7.60750
7.60751
7.60753
7.60754
7.60756
7.60757
7.60758
7.60759
7.60760
7.60762
7.60764
7.60766
7.60767
7.60768
7.60769
7.60770
7.60772
7.60773
7.60774
7.60776
7.60777
7.60778
7.60780
7.60782
7.60783
7.60784
7.60786
7.60787
7.60789
7.60791
7.60792
7.60793
7.60794
7.60796
7.60797
7.60798
7.60800
7.60801
7.60802
7.60803
7.60805
7.60806
7.60807
7.60809
7.60810
7.60811
7.60812
7.60814
7.60815
7.60816
7.60818
7.60819
7.60820
7.60821
7.60823
7.60824
7.60825
7.60827
7.60828
7.60829
7.60830
7.60831
7.60833
7.60834
7.60835
7.60837
7.60838
7.60839
7.60840
7.60841
7.60843
7.60845
7.60847
7.60848
7.60849
7.60850
7.60851
7.60852
7.60854
7.60856
7.60857
7.60858
7.60859
7.60860
7.60862
7.60863
7.60865
7.60866
7.60867
7.60868
7.60870
7.60871
7.60873
7.60875
7.60876
7.60878
7.60879
7.60881
7.60883
7.60884
7.60885
7.60886
7.60888
7.60889
7.60890
7.60892
7.60893
7.60894
7.60896
7.60897
7.60898
7.60899
7.60901
7.60902
7.60903
7.60904
7.60906
7.60907
7.60908
7.60910
7.60911
7.60912
7.60913
7.60914
7.60916
7.60917
7.60919
7.60920
7.60921
7.60922
7.60923
7.60924
7.60926
7.60927
7.60929
7.60930
7.60931
7.60932
7.60933
7.60934
7.60937
7.60938
7.60940
7.60941
7.60942
7.60943
7.60945
7.60947
7.60948
7.60949
7.60950
7.60951
7.60953
7.60955
7.60956
7.60958
7.60959
7.60960
7.60961
7.60963
7.60965
7.60966
7.60968
7.60969
7.60970
7.60971
7.60972
7.60974
7.60974
7.60974
7.60974
7.60974
7.60974
7.60974
7.60974
7.60974
7.60974
7.60974
7.60974
7.60974
7.60974
7.60974
7.60974
7.60974
7.60974
7.60974
7.60974
7.60974
7.60974
7.60974
7.60974
7.60974
7.60974
7.60974
7.60974
7.60974
7.60974
7.60974
7.60974
7.60974
7.60974
7.60974
7.60974
7.60974
7.60974
7.60974
7.60974
7.60974
7.60974
7.60974
7.60974
7.60974
7.60974
7.60974
7.60974
7.60974
7.60974
7.60974
7.60974
7.60974
7.60974
7.60974
7.60974
7.60974
7.60974
7.60974
7.60974
7.60974
7.60974
7.60974
7.60974
7.60974
7.60974
7.60974
7.60974
7.60974
7.60974
7.60974
7.60974
7.60974
7.60974
7.60974
7.60974
7.60974
7.60974
7.60974
7.60974
7.60974
7.60974
7.60974
7.60974
7.60974
7.60974
7.60974
7.60974
7.60974
7.60974
7.60974
7.60974
7.60974
7.60974
7.60974
7.60974
7.60974
7.60974
7.60974
7.60974
7.60974
7.60974
7.60974
7.60974
7.60974
7.60974
7.60974
7.60974
7.60974
7.60974
7.60974
7.60974
7.60974
7.60974
7.60974
7.60974
7.60974
7.60974
7.60974
7.60974
7.60974
7.60974
7.60974
7.60974
7.60974
7.60974
7.60974
7.60974
7.60974
7.60974
7.60976
7.60977
7.60978
7.60979
7.60981
7.60982
7.60983
7.60985
7.60986
7.60987
7.60988
7.60989
7.60991
7.60992
7.60994
7.60996
7.60997
7.60998
7.60999
7.61001
7.61003
7.61004
7.61005
7.61007
7.61008
7.61009
7.61010
7.61012
7.61014
7.61015
7.61016
7.61017
7.61018
7.61019
7.61021
7.61022
7.61023
7.61025
7.61026
7.61027
7.61028
7.61030
7.61031
7.61032
7.61034
7.61035
7.61036
7.61038
7.61040
7.61041
7.61043
7.61044
7.61045
7.61046
7.61047
7.61050
7.61051
7.61053
7.61054
7.61055
7.61056
7.61058
7.61060
7.61061
7.61062
7.61063
7.61064
7.61065
7.61067
7.61068
7.61070
7.61071
7.61072
7.61073
7.61074
7.61076
7.61077
7.61078
7.61080
7.61081
7.61082
7.61083
7.61085
7.61086
7.61088
7.61089
7.61089
7.61089
7.61089
7.61089
7.61089
7.61089
7.61089
7.61089
7.61089
7.61089
7.61089
7.61089
7.61089
7.61089
7.61089
7.61089
7.61089
7.61089
7.61089
7.61089
7.61089
7.61089
7.61089
7.61089
7.61089
7.61089
7.61089
7.61089
7.61089
7.61089
7.61089
7.61089
7.61089
7.61089
7.61089
7.61089
7.61089
7.61089
7.61089
7.61089
7.61089
7.61089
7.61089
7.61089
7.61089
7.61089
7.61089
7.61089
7.61089
7.61089
7.61089
7.61089
7.61089
7.61089
7.61089
7.61089
7.61089
7.61089
7.61089
7.61089
7.61089
7.61089
7.61089
7.61089
7.61089
7.61089
7.61089
7.61089
7.61089
7.61089
7.61089
7.61089
7.61089
7.61089
7.61089
7.61089
7.61089
7.61089
7.61089
7.61089
7.61089
7.61089
7.61089
7.61089
7.61089
7.61089
7.61089
7.61089
7.61089
7.61089
7.61089
7.61089
7.61089
7.61089
7.61089
7.61089
7.61089
7.61089
7.61089
7.61089
7.61089
7.61089
7.61089
7.61089
7.61089
7.61089
7.61089
7.61089
7.61089
7.61089
7.61089
7.61089
7.61089
7.61089
7.61089
7.61089
7.61089
7.61089
7.61089
7.61089
7.61089
7.61089
7.61089
7.61089
7.61089
7.61089
7.61089
7.61089
7.61089
7.61089
7.61089
7.61090
7.61091
7.61092
7.61093
7.61095
7.61096
7.61098
7.61099
7.61100
7.61101
7.61103
7.61104
7.61106
7.61107
7.61108
7.61110
7.61111
7.61112
7.61114
7.61115
7.61116
7.61117
7.61119
7.61120
7.61121
7.61123
7.61124
7.61125
7.61126
7.61127
7.61129
7.61130
7.61132
7.61133
7.61135
7.61136
7.61137
7.61138
7.61139
7.61141
7.61142
7.61143
7.61145
7.61146
7.61147
7.61148
7.61150
7.61151
7.61152
7.61154
7.61155
7.61156
7.61157
7.61159
7.61160
7.61162
7.61163
7.61164
7.61165
7.61167
7.61169
7.61170
7.61171
7.61173
7.61174
7.61175
7.61176
7.61178
7.61179
7.61180
7.61182
7.61183
7.61184
7.61185
7.61187
7.61188
7.61189
7.61190
7.61192
7.61193
7.61194
7.61196
7.61197
7.61198
7.61199
7.61201
7.61202
7.61203
7.61205
7.61206
7.61207
7.61209
7.61210
7.61211
7.61212
7.61214
7.61215
7.61216
7.61217
7.61219
7.61220
7.61223
7.61224
7.61226
7.61227
7.61229
7.61230
7.61231
7.61234
7.61235
7.61236
7.61237
7.61238
7.61240
7.61241
7.61243
7.61244
7.61245
7.61246
7.61247
7.61249
7.61250
7.61252
7.61254
7.61255
7.61256
7.61257
7.61259
7.61261
7.61262
7.61263
7.61265
7.61266
7.61267
7.61268
7.61270
7.61271
7.61272
7.61273
7.61274
7.61276
7.61277
7.61279
7.61280
7.61282
7.61283
7.61284
7.61285
7.61286
7.61288
7.61289
7.61290
7.61292
7.61293
7.61294
7.61295
7.61297
7.61298
7.61299
7.61301
7.61303
7.61305
7.61306
7.61308
7.61309
7.61310
7.61311
7.61312
7.61314
7.61315
7.61317
7.61318
7.61319
7.61321
7.61322
7.61323
7.61325
7.61327
7.61328
7.61330
7.61331
7.61332
7.61334
7.61336
7.61338
7.61339
7.61340
7.61341
7.61343
7.61344
7.61345
7.61347
7.61347
7.61347
7.61347
7.61347
7.61347
7.61347
7.61347
7.61347
7.61347
7.61347
7.61347
7.61347
7.61347
7.61347
7.61347
7.61347
7.61347
7.61347
7.61347
7.61347
7.61347
7.61347
7.61347
7.61347
7.61347
7.61347
7.61347
7.61347
7.61347
7.61347
7.61347
7.61347
7.61347
7.61347
7.61347
7.61347
7.61347
7.61347
7.61347
7.61347
7.61347
7.61347
7.61347
7.61347
7.61347
7.61347
7.61347
7.61347
7.61347
7.61347
7.61347
7.61347
7.61347
7.61347
7.61347
7.61347
7.61347
7.61347
7.61347
7.61347
7.61347
7.61347
7.61347
7.61347
7.61347
7.61347
7.61347
7.61347
7.61347
7.61347
7.61347
7.61347
7.61347
7.61347
7.61347
7.61347
7.61347
7.61347
7.61347
7.61347
7.61347
7.61347
7.61347
7.61347
7.61347
7.61347
7.61347
7.61347
7.61347
7.61347
7.61347
7.61347
7.61347
7.61347
7.61347
7.61347
7.61347
7.61347
7.61347
7.61347
7.61347
7.61347
7.61347
7.61347
7.61347
7.61347
7.61347
7.61347
7.61347
7.61347
7.61347
7.61347
7.61347
7.61347
7.61347
7.61347
7.61347
7.61347
7.61347
7.61347
7.61347
7.61347
7.61347
7.61347
7.61347
7.61347
7.61347
7.61347
7.61347
7.61348
7.61349
7.61350
7.61351
7.61353
7.61355
7.61356
7.61357
7.61358
7.61359
7.61361
7.61362
7.61364
7.61365
7.61366
7.61367
7.61368
7.61369
7.61371
7.61372
7.61373
7.61375
7.61376
7.61378
7.61380
7.61381
7.61383
7.61384
7.61385
7.61386
7.61387
7.61389
7.61390
7.61392
7.61394
7.61395
7.61396
7.61398
7.61400
7.61401
7.61402
7.61403
7.61404
7.61406
7.61407
7.61409
7.61410
7.61411
7.61412
7.61413
7.61414
7.61416
7.61417
7.61419
7.61420
7.61421
7.61422
7.61423
7.61425
7.61426
7.61428
7.61429
7.61430
7.61432
7.61433
7.61435
7.61437
7.61438
7.61439
7.61440
7.61441
7.61442
7.61444
7.61445
7.61447
7.61448
7.61450
7.61451
7.61452
7.61454
7.61456
7.61457
7.61458
7.61459
7.61460
7.61462
7.61463
7.61465
7.61466
7.61467
7.61468
7.61469
7.61471
7.61473
7.61474
7.61475
7.61476
7.61478
7.61479
7.61480
7.61482
7.61483
7.61484
7.61485
7.61486
7.61488
7.61489
7.61491
7.61492
7.61493
7.61494
7.61495
7.61497
7.61498
7.61500
7.61500
7.61500
7.61500
7.61500
7.61500
7.61500
7.61500
7.61500
7.61500
7.61500
7.61500
7.61500
7.61500
7.61500
7.61500
7.61500
7.61500
7.61500
7.61500
7.61500
7.61500
7.61500
7.61500
7.61500
7.61500
7.61500
7.61500
7.61500
7.61500
7.61500
7.61500
7.61500
7.61500
7.61500
7.61500
7.61500
7.61500
7.61500
7.61500
7.61500
7.61500
7.61500
7.61500
7.61500
7.61500
7.61500
7.61500
7.61500
7.61500
7.61500
7.61500
7.61500
7.61500
7.61500
7.61500
7.61500
7.61500
7.61500
7.61500
7.61500
7.61500
7.61500
7.61500
7.61500
7.61500
7.61500
7.61500
7.61500
7.61500
7.61500
7.61500
7.61500
7.61500
7.61500
7.61500
7.61500
7.61500
7.61500
7.61500
7.61500
7.61500
7.61500
7.61500
7.61500
7.61500
7.61500
7.61500
7.61500
7.61500
7.61500
7.61500
7.61500
7.61500
7.61500
7.61500
7.61500
7.61500
7.61500
7.61500
7.61500
7.61500
7.61500
7.61500
7.61500
7.61500
7.61500
7.61500
7.61500
7.61500
7.61500
7.61500
7.61500
7.61500
7.61500
7.61500
7.61500
7.61500
7.61500
7.61500
7.61500
7.61500
7.61500
7.61500
7.61500
7.61500
7.61500
7.61500
7.61500
7.61500
7.61500
7.61500
7.61501
7.61503
7.61504
7.61505
7.61506
7.61507
7.61508
7.61510
7.61512
7.61513
7.61514
7.61515
7.61517
7.61518
7.61520
7.61521
7.61522
7.61523
7.61525
7.61526
7.61527
7.61529
7.61530
7.61531
7.61532
7.61533
7.61535
7.61536
7.61538
7.61539
7.61540
7.61541
7.61542
7.61544
7.61545
7.61547
7.61548
7.61549
7.61550
7.61551
7.61553
7.61554
7.61556
7.61557
7.61558
7.61559
7.61560
7.61562
7.61563
7.61565
7.61566
7.61568
7.61569
7.61570
7.61571
7.61572
7.61574
7.61575
7.61577
7.61578
7.61579
7.61580
7.61581
7.61584
7.61585
7.61586
7.61587
7.61588
7.61590
7.61591
7.61593
7.61594
7.61595
7.61596
7.61597
7.61598
7.61599
7.61601
7.61603
7.61604
7.61605
7.61606
7.61607
7.61608
7.61610
7.61611
7.61613
7.61614
7.61615
7.61616
7.61617
7.61619
7.61620
7.61622
7.61623
7.61624
7.61625
7.61626
7.61628
7.61629
7.61631
7.61632
7.61633
7.61634
7.61635
7.61637
7.61638
7.61640
7.61641
7.61642
7.61643
7.61644
7.61646
7.61647
7.61649
7.61650
7.61651
7.61653
7.61654
7.61656
7.61657
7.61658
7.61659
7.61660
7.61661
7.61661
7.61661
7.61661
7.61661
7.61661
7.61661
7.61661
7.61661
7.61661
7.61661
7.61661
7.61661
7.61661
7.61661
7.61661
7.61661
7.61661
7.61661
7.61661
7.61661
7.61661
7.61661
7.61661
7.61661
7.61661
7.61661
7.61661
7.61661
7.61661
7.61661
7.61661
7.61661
7.61661
7.61661
7.61661
7.61661
7.61661
7.61661
7.61661
7.61661
7.61661
7.61661
7.61661
7.61661
7.61661
7.61661
7.61661
7.61661
7.61661
7.61661
7.61661
7.61661
7.61661
7.61661
7.61661
7.61661
7.61661
7.61661
7.61661
7.61661
7.61661
7.61661
7.61661
7.61661
7.61661
7.61661
7.61661
7.61661
7.61661
7.61661
7.61661
7.61661
7.61661
7.61661
7.61661
7.61661
7.61661
7.61661
7.61661
7.61661
7.61661
7.61661
7.61661
7.61661
7.61661
7.61661
7.61661
7.61661
7.61661
7.61661
7.61661
7.61661
7.61661
7.61661
7.61661
7.61661
7.61661
7.61661
7.61661
7.61661
7.61661
7.61661
7.61661
7.61661
7.61661
7.61661
7.61661
7.61661
7.61661
7.61661
7.61661
7.61661
7.61661
7.61661
7.61661
7.61661
7.61661
7.61661
7.61661
7.61661
7.61661
7.61661
7.61661
7.61661
7.61661
7.61661
7.61661
7.61661
7.61661
7.61661
7.61661
7.61661
7.61661
7.61661
7.61661
7.61661
7.61661
7.61661
7.61661
7.61661
7.61661
7.61661
7.61661
7.61661
7.61661
7.61661
7.61661
7.61585
7.61507
7.61426
7.61350
7.61273
7.61196
7.61072
7.60989
7.60880
7.60798
7.60717
7.60639
7.60553
7.60431
7.60343
7.60264
7.60175
7.60097
7.60018
7.59930
7.59798
7.59716
7.59634
7.59552
7.59469
7.59384
7.59301
7.59165
7.59077
7.58991
7.58905
7.58818
7.58735
7.58636
7.58504
7.58410
7.58323
7.58228
7.58142
7.58049
7.57960
7.57820
7.57712
7.57600
7.57512
7.57410
7.57317
7.57220
7.57076
7.56977
7.56888
7.56790
7.56696
7.56596
7.56501
7.56345
7.56243
7.56142
7.56047
7.55950
7.55844
7.55747
7.55555
7.55440
7.55342
7.55240
7.55135
7.55033
7.54930
7.54767
7.54656
7.54552
7.54444
7.54339
7.54223
7.54114
7.53940
7.53825
7.53710
7.53600
7.53478
7.53358
7.53228
7.53052
7.52929
7.52807
7.52685
7.52555
7.52421
7.52296
7.52104
7.51979
7.51843
7.51725
7.51601
7.51480
7.51339
7.51153
7.51020
7.50894
7.50752
7.50619
7.50486
7.50353
7.50137
7.50010
7.49859
7.49719
7.49563
7.49427
7.49286
7.49073
7.48930
7.48792
7.48644
7.48501
7.48300
7.48150
7.47912
7.47757
7.47597
7.47444
7.47295
7.47143
7.46993
7.46750
7.46585
7.46427
7.46268
7.45989
7.45825
7.45581
7.45421
7.45261
7.45091
7.44939
7.44778
7.44622
7.44376
7.44216
7.44062
7.43917
7.43759
7.43624
7.43480
7.43261
7.43118
7.42978
7.42830
7.42687
7.42536
7.42393
7.42176
7.42035
7.41888
7.41754
7.41610
7.41469
7.41326
7.41100
7.40943
7.40797
7.40576
7.40407
7.40246
7.40000
