0.54817
0.55600
0.56240
0.56927
0.57536
0.58091
0.58808
0.59770
0.60415
0.61266
0.61848
0.62436
0.63127
0.64140
0.64895
0.65631
0.66474
0.67071
0.67583
0.68454
0.69009
0.69542
0.70063
0.70615
0.71136
0.71664
0.72207
0.73057
0.73603
0.74125
0.74690
0.75190
0.75710
0.76269
0.76810
0.77686
0.78418
0.78931
0.79475
0.80041
0.80568
0.81144
0.82002
0.82565
0.83092
0.83636
0.84192
0.84700
0.85234
0.85771
0.86656
0.87194
0.87739
0.88251
0.88760
0.89328
0.89868
0.90414
0.91252
0.91791
0.92310
0.92866
0.93432
0.94070
0.94612
0.95167
0.96070
0.96597
0.97203
0.97777
0.98347
0.98872
0.99454
1.00322
1.00890
1.01442
1.02017
1.02567
1.03127
1.03732
1.04954
1.05553
1.06142
1.06757
1.07287
1.07828
1.08394
1.09265
1.09803
1.10384
1.10901
1.11445
1.11955
1.12481
1.13102
1.14038
1.14856
1.15454
1.16048
1.16669
1.17240
1.18097
1.19079
1.19636
1.20195
1.21230
1.22095
1.23049
1.23937
1.24488
1.24965
1.25448
1.25958
1.26425
1.26921
1.27462
1.28318
1.28830
1.29311
1.29841
1.30343
1.30864
1.31401
1.31939
1.32830
1.33380
1.33939
1.34446
1.34985
1.35509
1.36015
1.36560
1.37401
1.37932
1.38000
1.38000
1.38000
1.38000
1.38000
1.38000
1.38000
1.38000
1.38000
1.38000
1.38000
1.38000
1.38000
1.38000
1.38000
1.38000
1.38000
1.38000
1.38000
1.38000
1.38000
1.38000
1.38000
1.38000
1.38000
1.38000
1.38000
1.38000
1.38000
1.38000
1.38000
1.38000
1.38000
1.38000
1.38000
1.38000
1.38000
1.38000
1.38000
1.38000
1.38000
1.38000
1.38000
1.38000
1.38000
1.38000
1.38000
1.38000
1.38000
1.38000
1.38000
1.38000
1.38000
1.38000
1.38000
1.38000
1.38000
1.38000
1.38000
1.38000
1.38000
1.38000
1.38000
1.38000
1.38000
1.38000
1.38000
1.38000
1.38000
1.38000
1.38000
1.38000
1.38000
1.38000
1.38000
1.38000
1.38000
1.38000
1.38000
1.38000
1.38000
1.38000
1.38000
1.38000
1.38000
1.38000
1.38000
1.38000
1.38000
1.38000
1.38000
1.38000
1.38000
1.38000
1.38000
1.38000
1.38000
1.38000
1.38000
1.38000
1.38000
1.38000
1.38000
1.38000
1.38000
1.38000
1.38000
1.38000
1.38000
1.38000
1.38000
1.38000
1.38000
1.38000
1.38000
1.38000
1.38000
1.38000
1.38000
1.38000
1.38000
1.38000
1.38000
1.38000
1.38000
1.38000
1.38000
1.38000
1.38000
1.38000
1.38000
1.38000
1.38000
1.38000
1.38000
1.38000
1.38000
1.38000
1.38000
1.38000
1.38000
1.38000
1.38000
1.38000
1.38000
1.38000
1.38000
1.38000
1.38000
1.38000
1.38000
1.38000
1.38000
1.38000
1.38000
1.38000
1.38000
1.38000
1.38000
1.38000
1.38000
1.38000
1.38000
1.38000
1.38000
1.38000
1.38000
1.38000
1.38000
1.38000
1.38000
1.38000
1.38000
1.38000
1.38000
1.38000
1.38000
1.38000
1.38000
1.38000
1.38000
1.38000
1.38000
1.38000
1.38000
1.38000
1.38000
1.38000
1.38000
1.38000
1.38000
1.38000
1.38000
1.38000
1.38000
1.38000
1.38000
1.38000
1.38000
1.38000
1.38000
1.38000
1.38000
1.38000
1.38000
1.38000
1.38000
1.38000
1.38000
1.38000
1.38000
1.38000
1.38000
1.38000
1.38000
1.38000
1.38000
1.38000
1.38000
1.38000
1.38000
1.38000
1.38000
1.38000
1.38000
1.38000
1.38000
1.38000
1.38000
1.38000
1.38000
1.38000
1.38000
1.38000
1.38000
1.38000
1.38000
1.38000
1.38000
1.38000
1.38000
1.38000
1.38000
1.38000
1.38000
1.38000
1.38000
1.38000
1.38000
1.38000
1.38000
1.38000
1.38000
1.38000
1.38000
1.38000
1.38000
1.38000
1.38000
1.38000
1.38000
1.38000
1.38000
1.38000
1.38000
1.38000
1.38000
1.38000
1.38000
1.38000
1.38000
1.38000
1.38000
1.38000
1.38000
1.38000
1.38000
1.38000
1.38000
1.38000
1.38000
1.38000
1.38000
1.38000
1.38000
1.38000
1.38000
1.38000
1.38000
1.38000
1.38000
1.38000
1.38000
1.38000
1.38000
1.38000
1.38000
1.38000
1.38000
1.38000
1.38000
1.38000
1.38000
1.38000
1.38000
1.38000
1.38000
1.38000
1.38000
1.38000
1.38000
1.38000
1.38000
1.38000
1.38000
1.38000
1.38000
1.38000
1.38000
1.38000
1.38000
1.38000
1.38000
1.38000
1.38000
1.38000
1.38000
1.38000
1.38000
1.38000
1.38000
1.38000
1.38000
1.38000
1.38000
1.38000
1.38000
1.38000
1.38000
1.38000
1.38000
1.38000
1.38000
1.38000
1.38000
1.38000
1.38000
1.38000
1.38000
1.38000
1.38000
1.38000
1.38000
1.38000
1.38000
1.38000
1.38000
1.38000
1.38000
1.38000
1.38000
1.38000
1.38000
1.38000
1.38000
1.38000
1.38000
1.38000
1.38000
1.38000
1.38000
1.38000
1.38000
1.38000
1.38000
1.38000
1.38000
1.38000
1.38000
1.38000
1.38000
1.38000
1.38000
1.38000
1.38000
1.38000
1.38000
1.37264
1.36507
1.35964
1.35456
1.34863
1.34312
1.33120
1.32264
1.31544
1.30860
1.30282
1.29707
1.28748
1.28215
1.27664
1.27135
1.26598
1.25987
1.25360
1.24564
1.23247
1.22551
1.22007
1.21430
1.20856
1.20284
1.19765
1.18872
1.18357
1.17830
1.17301
1.16785
1.16259
1.15728
1.15217
1.14347
1.13825
1.13277
1.12735
1.12014
1.11296
1.10485
1.09275
1.08605
1.08070
1.07486
1.06776
1.06081
1.05536
1.04510
1.03684
1.03112
1.02376
1.01765
1.00978
0.99605
0.98910
0.98395
0.97791
0.97279
0.96744
0.96024
0.95078
0.94505
0.93919
0.93379
0.92839
0.92291
0.91779
0.91214
0.90214
0.89636
0.89117
0.88569
0.88044
0.87487
0.86863
0.86322
0.85375
0.84830
0.84290
0.83735
0.83133
0.82416
0.81713
0.80633
0.79928
0.79402
0.78826
0.78247
0.78247
0.78247
0.78247
0.78247
0.78247
0.78247
0.78247
0.78247
0.78247
0.78247
0.78247
0.78247
0.78247
0.78247
0.78247
0.78247
0.78247
0.78247
0.78247
0.78247
0.78247
0.78247
0.78247
0.78247
0.78247
0.78247
0.78247
0.78247
0.78247
0.78247
0.78247
0.78247
0.78247
0.78247
0.78247
0.78247
0.78247
0.78247
0.78247
0.78247
0.78247
0.78247
0.78247
0.78247
0.78247
0.78247
0.78247
0.78247
0.78247
0.78247
0.78247
0.78247
0.78247
0.78247
0.78247
0.78247
0.78247
0.78247
0.78247
0.78247
0.78247
0.78247
0.78247
0.78247
0.78247
0.78247
0.78247
0.78247
0.78247
0.78247
0.78247
0.78247
0.78247
0.78247
0.78247
0.78247
0.78247
0.78247
0.78247
0.78247
0.78247
0.78247
0.78247
0.78247
0.78247
0.78247
0.78247
0.78247
0.78247
0.78247
0.78247
0.78247
0.78247
0.78247
0.78247
0.78247
0.78247
0.78247
0.78247
0.78247
0.78247
0.78247
0.78247
0.78247
0.78247
0.78247
0.78247
0.78247
0.78247
0.78247
0.78247
0.78247
0.78247
0.78247
0.78247
0.78247
0.78247
0.78247
0.78247
0.78247
0.78247
0.78247
0.78247
0.78247
0.78247
0.78247
0.78247
0.78247
0.78247
0.78247
0.78247
0.78247
0.78247
0.78247
0.78247
0.78247
0.78247
0.78247
0.78247
0.78247
0.78247
0.78247
0.79274
0.79981
0.80527
0.81071
0.81643
0.82178
0.82720
0.83275
0.84150
0.84676
0.85233
0.85999
0.86538
0.87111
0.87811
0.88834
0.89468
0.89975
0.90574
0.91257
0.91857
0.92424
0.93275
0.93829
0.94365
0.94917
0.95481
0.96034
0.96560
0.97127
0.98030
0.98601
0.99124
0.99656
1.00193
1.00812
1.01357
1.01919
1.02775
1.03345
1.03867
1.04420
1.04945
1.05466
1.06055
1.06611
1.07515
1.08034
1.08589
1.09116
1.09672
1.10249
1.10808
1.11345
1.12198
1.12742
1.13419
1.14088
1.14627
1.15164
1.15706
1.16290
1.17180
1.17867
1.18529
1.19040
1.19560
1.20099
1.20617
1.21146
1.22159
1.23019
1.23546
1.24080
1.24632
1.25153
1.25715
1.26589
1.27140
1.27651
1.28164
1.28740
1.29340
1.29920
1.30525
1.31413
1.31958
1.32512
1.33064
1.33592
1.34127
1.34662
1.35238
1.36287
1.37079
1.37716
1.37716
1.37716
1.37716
1.37716
1.37716
1.37716
1.37716
1.37716
1.37716
1.37716
1.37716
1.37716
1.37716
1.37716
1.37716
1.37716
1.37716
1.37716
1.37716
1.37716
1.37716
1.37716
1.37716
1.37716
1.37716
1.37716
1.37716
1.37716
1.37716
1.37716
1.37716
1.37716
1.37716
1.37716
1.37716
1.37716
1.37716
1.37716
1.37716
1.37716
1.37716
1.37716
1.37716
1.37716
1.37716
1.37716
1.37716
1.37716
1.37716
1.37716
1.37716
1.37716
1.37716
1.37716
1.37716
1.37716
1.37716
1.37716
1.37716
1.37716
1.37716
1.37716
1.37716
1.37716
1.37716
1.37716
1.37716
1.37716
1.37716
1.37716
1.37716
1.37716
1.37716
1.37716
1.37716
1.37716
1.37716
1.37716
1.37716
1.37716
1.37716
1.37716
1.37716
1.37716
1.37716
1.37716
1.37716
1.37716
1.37716
1.37716
1.37716
1.37716
1.37716
1.37716
1.37716
1.37716
1.37716
1.37716
1.37716
1.37716
1.37716
1.37716
1.37716
1.37716
1.37716
1.37716
1.37716
1.37716
1.37716
1.37716
1.37716
1.37716
1.37716
1.37716
1.37716
1.37716
1.37716
1.37716
1.37716
1.37716
1.37716
1.37716
1.37716
1.37716
1.37716
1.37716
1.37716
1.37716
1.37716
1.37716
1.37716
1.37716
1.37716
1.37716
1.37716
1.37716
1.37716
1.37716
1.37716
1.37716
1.37716
1.37716
1.37716
1.37716
1.37716
1.37716
1.37716
1.37716
1.37716
1.37716
1.37716
1.37716
1.37716
1.37716
1.37716
1.37716
1.37716
1.37716
1.37716
1.37716
1.37716
1.37716
1.37716
1.37716
1.37716
1.37716
1.37716
1.37716
1.37716
1.37716
1.37716
1.37716
1.37716
1.37716
1.37716
1.37716
1.37716
1.37716
1.37716
1.37716
1.37716
1.37716
1.37716
1.37716
1.37716
1.37716
1.37716
1.37716
1.37716
1.37716
1.37716
1.37716
1.37716
1.37716
1.37716
1.37716
1.37716
1.37716
1.37716
1.37716
1.37716
1.37716
1.37716
1.37716
1.37716
1.37716
1.37716
1.37716
1.37716
1.37716
1.37716
1.37716
1.37716
1.37716
1.37716
1.37716
1.37716
1.37716
1.37716
1.37716
1.37716
1.37716
1.37716
1.37716
1.37716
1.37716
1.37716
1.37716
1.37716
1.37716
1.37716
1.37716
1.37716
1.37716
1.37716
1.37716
1.37716
1.37716
1.37716
1.37716
1.37716
1.37716
1.37716
1.37716
1.37716
1.37716
1.37716
1.37716
1.37716
1.37716
1.37716
1.37716
1.37716
1.37716
1.37716
1.37716
1.37716
1.37716
1.37716
1.37716
1.37716
1.37716
1.37716
1.37716
1.37716
1.37716
1.37716
1.37142
1.36432
1.35711
1.35155
1.34605
1.34056
1.33048
1.32422
1.31873
1.31342
1.30806
1.30036
1.29477
1.28615
1.28056
1.27489
1.26972
1.26436
1.25885
1.25370
1.24820
1.23681
1.23096
1.22576
1.22024
1.21474
1.20919
1.20392
1.19814
1.18930
1.18386
1.17838
1.17306
1.16769
1.16235
1.15714
1.15146
1.14280
1.13713
1.13196
1.12636
1.12067
1.11343
1.10597
1.09555
1.08911
1.08360
1.07806
1.07032
1.06378
1.05850
1.04791
1.04029
1.03481
1.02950
1.02355
1.01822
1.01235
1.00343
0.99759
0.99176
0.98623
0.98029
0.97493
0.96899
0.96344
0.95408
0.94852
0.94290
0.93672
0.93114
0.92562
0.91802
0.90909
0.90377
0.89791
0.89275
0.88752
0.88146
0.87490
0.86838
0.85985
0.85401
0.84874
0.84312
0.83772
0.83226
0.82611
0.81889
0.80831
0.80025
0.79495
0.78971
0.78390
0.77823
0.77823
0.77823
0.77823
0.77823
0.77823
0.77823
0.77823
0.77823
0.77823
0.77823
0.77823
0.77823
0.77823
0.77823
0.77823
0.77823
0.77823
0.77823
0.77823
0.77823
0.77823
0.77823
0.77823
0.77823
0.77823
0.77823
0.77823
0.77823
0.77823
0.77823
0.77823
0.77823
0.77823
0.77823
0.77823
0.77823
0.77823
0.77823
0.77823
0.77823
0.77823
0.77823
0.77823
0.77823
0.77823
0.77823
0.77823
0.77823
0.77823
0.77823
0.77823
0.77823
0.77823
0.77823
0.77823
0.77823
0.77823
0.77823
0.77823
0.77823
0.77823
0.77823
0.77823
0.77823
0.77823
0.77823
0.77823
0.77823
0.77823
0.77823
0.77823
0.77823
0.77823
0.77823
0.77823
0.77823
0.77823
0.77823
0.77823
0.77823
0.77823
0.77823
0.77823
0.77823
0.77823
0.77823
0.77823
0.77823
0.77823
0.77823
0.77823
0.77823
0.77823
0.77823
0.77823
0.77823
0.77823
0.77823
0.77823
0.77823
0.77823
0.77823
0.77823
0.77823
0.77823
0.77823
0.77823
0.77823
0.77823
0.77823
0.77823
0.77823
0.77823
0.77823
0.77823
0.78844
0.79531
0.80133
0.80701
0.81267
0.81864
0.82611
0.83680
0.84372
0.84939
0.85493
0.86096
0.86661
0.87438
0.88461
0.89188
0.89733
0.90324
0.90872
0.91433
0.91991
0.92883
0.93474
0.94024
0.94668
0.95224
0.95798
0.96408
0.96961
0.97863
0.98430
0.98987
0.99650
1.00217
1.00796
1.01379
1.02042
1.02980
1.03583
1.04208
1.04778
1.05619
1.06179
1.06748
1.07650
1.08234
1.08817
1.09373
1.09960
1.10503
1.11077
1.11665
1.12575
1.13145
1.13706
1.14883
1.15471
1.16051
1.16606
1.17554
1.18357
1.19071
1.19658
1.20217
1.20797
1.21371
1.22395
1.23128
1.23697
1.24260
1.24799
1.25445
1.26002
1.26941
1.27525
1.28151
1.28688
1.29246
1.29809
1.30374
1.30946
1.31852
1.32460
1.33112
1.33686
1.34260
1.34821
1.35436
1.36230
1.37282
1.37995
1.38579
1.38579
1.38579
1.38579
1.38579
1.38579
1.38579
1.38579
1.38579
1.38579
1.38579
1.38579
1.38579
1.38579
1.38579
1.38579
1.38579
1.38579
1.38579
1.38579
1.38579
1.38579
1.38579
1.38579
1.38579
1.38579
1.38579
1.38579
1.38579
1.38579
1.38579
1.38579
1.38579
1.38579
1.38579
1.38579
1.38579
1.38579
1.38579
1.38579
1.38579
1.38579
1.38579
1.38579
1.38579
1.38579
1.38579
1.38579
1.38579
1.38579
1.38579
1.38579
1.38579
1.38579
1.38579
1.38579
1.38579
1.38579
1.38579
1.38579
1.38579
1.38579
1.38579
1.38579
1.38579
1.38579
1.38579
1.38579
1.38579
1.38579
1.38579
1.38579
1.38579
1.38579
1.38579
1.38579
1.38579
1.38579
1.38579
1.38579
1.38579
1.38579
1.38579
1.38579
1.38579
1.38579
1.38579
1.38579
1.38579
1.38579
1.38579
1.38579
1.38579
1.38579
1.38579
1.38579
1.38579
1.38579
1.38579
1.38579
1.38579
1.38579
1.38579
1.38579
1.38579
1.38579
1.38579
1.38579
1.38579
1.38579
1.38579
1.38579
1.38579
1.38579
1.38579
1.38579
1.38579
1.38579
1.38579
1.38579
1.38579
1.38579
1.38579
1.38579
1.38579
1.38579
1.38579
1.38579
1.38579
1.38579
1.38579
1.38579
1.38579
1.38579
1.38579
1.38579
1.38579
1.38579
1.38579
1.38579
1.38579
1.38579
1.38579
1.38579
1.38579
1.38579
1.38579
1.38579
1.38579
1.38579
1.38579
1.38579
1.38579
1.38579
1.38579
1.38579
1.38579
1.38579
1.38579
1.38579
1.38579
1.38579
1.38579
1.38579
1.38579
1.38579
1.38579
1.38579
1.38579
1.38579
1.38579
1.38579
1.38579
1.38579
1.38579
1.38579
1.38579
1.38579
1.38579
1.38579
1.38579
1.38579
1.38579
1.38579
1.38579
1.38579
1.38579
1.38579
1.38579
1.38579
1.38579
1.38579
1.38579
1.38579
1.38579
1.38579
1.38579
1.38579
1.38579
1.38579
1.38579
1.38579
1.38579
1.38579
1.38579
1.38579
1.38579
1.38579
1.38579
1.38579
1.38579
1.38579
1.38579
1.38579
1.38579
1.38579
1.38579
1.38579
1.38579
1.38579
1.38579
1.38579
1.38579
1.38579
1.38579
1.38579
1.38579
1.38579
1.38579
1.38579
1.38579
1.38579
1.38579
1.38579
1.38579
1.38579
1.38579
1.38579
1.38579
1.38579
1.38579
1.38579
1.38579
1.38579
1.38579
1.38579
1.38579
1.38579
1.38579
1.38579
1.38579
1.38579
1.38579
1.38579
1.38579
1.38579
1.38009
1.37459
1.36860
1.36297
1.35719
1.34820
1.34221
1.33643
1.32845
1.32162
1.31573
1.30802
1.29773
1.29123
1.28525
1.27943
1.27324
1.26748
1.26173
1.25241
1.24671
1.24083
1.23524
1.22929
1.22378
1.21784
1.21191
1.20240
1.19672
1.19117
1.18538
1.17971
1.17354
1.16787
1.16217
1.15292
1.14680
1.14112
1.13551
1.12927
1.12178
1.11401
1.10325
1.09642
1.09058
1.08463
1.07887
1.07278
1.06715
1.05769
1.05157
1.04383
1.03703
1.02886
1.02303
1.01714
1.00690
1.00011
0.99458
0.98840
0.98280
0.97682
0.97081
0.96171
0.95595
0.95048
0.94483
0.93918
0.93333
0.92787
0.92193
0.91273
0.90678
0.90096
0.89501
0.88908
0.88362
0.87762
0.86717
0.85778
0.85173
0.84588
0.84028
0.83403
0.82825
0.82020
0.80874
0.80145
0.79578
0.79006
0.78430
0.78430
0.78430
0.78430
0.78430
0.78430
0.78430
0.78430
0.78430
0.78430
0.78430
0.78430
0.78430
0.78430
0.78430
0.78430
0.78430
0.78430
0.78430
0.78430
0.78430
0.78430
0.78430
0.78430
0.78430
0.78430
0.78430
0.78430
0.78430
0.78430
0.78430
0.78430
0.78430
0.78430
0.78430
0.78430
0.78430
0.78430
0.78430
0.78430
0.78430
0.78430
0.78430
0.78430
0.78430
0.78430
0.78430
0.78430
0.78430
0.78430
0.78430
0.78430
0.78430
0.78430
0.78430
0.78430
0.78430
0.78430
0.78430
0.78430
0.78430
0.78430
0.78430
0.78430
0.78430
0.78430
0.78430
0.78430
0.78430
0.78430
0.78430
0.78430
0.78430
0.78430
0.78430
0.78430
0.78430
0.78430
0.78430
0.78430
0.78430
0.78430
0.78430
0.78430
0.78430
0.78430
0.78430
0.78430
0.78430
0.78430
0.78430
0.78430
0.78430
0.78430
0.78430
0.78430
0.78430
0.78430
0.78430
0.78430
0.78430
0.78430
0.78430
0.78430
0.78430
0.78430
0.78430
0.78430
0.78430
0.78430
0.78430
0.78430
0.78430
0.78430
0.78430
0.78430
0.78430
0.78430
0.78430
0.78430
0.78430
0.78430
0.78430
0.78430
0.78430
0.78430
0.78430
0.78430
0.78430
0.78430
0.78430
0.78430
0.78430
0.78430
0.79060
0.79643
0.80243
0.80821
0.81437
0.82026
0.83167
0.84103
0.84661
0.85264
0.85864
0.86484
0.87260
0.88404
0.89146
0.89789
0.90394
0.90970
0.91545
0.92135
0.93055
0.93642
0.94216
0.94790
0.95415
0.95980
0.96566
0.97157
0.98120
0.98726
0.99629
1.00245
1.00820
1.01453
1.02061
1.03024
1.03631
1.04222
1.04803
1.05380
1.05945
1.06519
1.07099
1.08023
1.08625
1.09196
1.09779
1.10384
1.10950
1.11549
1.12135
1.13085
1.13653
1.14234
1.14858
1.15423
1.16009
1.16598
1.17392
1.18445
1.19163
1.19775
1.20374
1.20958
1.21542
1.22119
1.23282
1.23840
1.24468
1.25050
1.25618
1.26187
1.26884
1.27786
1.28392
1.28965
1.29534
1.30124
1.30701
1.31292
1.31873
1.32826
1.33437
1.34025
1.34597
1.35195
1.35956
1.36670
1.37717
1.38469
1.38469
1.38469
1.38469
1.38469
1.38469
1.38469
1.38469
1.38469
1.38469
1.38469
1.38469
1.38469
1.38469
1.38469
1.38469
1.38469
1.38469
1.38469
1.38469
1.38469
1.38469
1.38469
1.38469
1.38469
1.38469
1.38469
1.38469
1.38469
1.38469
1.38469
1.38469
1.38469
1.38469
1.38469
1.38469
1.38469
1.38469
1.38469
1.38469
1.38469
1.38469
1.38469
1.38469
1.38469
1.38469
1.38469
1.38469
1.38469
1.38469
1.38469
1.38469
1.38469
1.38469
1.38469
1.38469
1.38469
1.38469
1.38469
1.38469
1.38469
1.38469
1.38469
1.38469
1.38469
1.38469
1.38469
1.38469
1.38469
1.38469
1.38469
1.38469
1.38469
1.38469
1.38469
1.38469
1.38469
1.38469
1.38469
1.38469
1.38469
1.38469
1.38469
1.38469
1.38469
1.38469
1.38469
1.38469
1.38469
1.38469
1.38469
1.38469
1.38469
1.38469
1.38469
1.38469
1.38469
1.38469
1.38469
1.38469
1.38469
1.38469
1.38469
1.38469
1.38469
1.38469
1.38469
1.38469
1.38469
1.38469
1.38469
1.38469
1.38469
1.38469
1.38469
1.38469
1.38469
1.38469
1.38469
1.38469
1.38469
1.38469
1.38469
1.38469
1.38469
1.38469
1.38469
1.38469
1.38469
1.38469
1.38469
1.38469
1.38469
1.38469
1.38469
1.38469
1.38469
1.38469
1.38469
1.38469
1.38469
1.38469
1.38469
1.38469
1.38469
1.38469
1.38469
1.38469
1.38469
1.38469
1.38469
1.38469
1.38469
1.38469
1.38469
1.38469
1.38469
1.38469
1.38469
1.38469
1.38469
1.38469
1.38469
1.38469
1.38469
1.38469
1.38469
1.38469
1.38469
1.38469
1.38469
1.38469
1.38469
1.38469
1.38469
1.38469
1.38469
1.38469
1.38469
1.38469
1.38469
1.38469
1.38469
1.38469
1.38469
1.38469
1.38469
1.38469
1.38469
1.38469
1.38469
1.38469
1.38469
1.38469
1.38469
1.38469
1.38469
1.38469
1.38469
1.38469
1.38469
1.38469
1.38469
1.38469
1.38469
1.38469
1.38469
1.38469
1.38469
1.38469
1.38469
1.38469
1.38469
1.38469
1.38469
1.38469
1.38469
1.38469
1.38469
1.38469
1.38469
1.38469
1.38469
1.38469
1.38469
1.38469
1.38469
1.38469
1.38469
1.38469
1.38469
1.38469
1.38469
1.38469
1.38469
1.38469
1.38469
1.38469
1.38469
1.38469
1.38469
1.38469
1.38469
1.38469
1.38469
1.38469
1.38469
1.38469
1.38469
1.38469
1.38469
1.38469
1.37882
1.37309
1.36751
1.36176
1.35624
1.35029
1.34446
1.33504
1.32894
1.32294
1.31687
1.31137
1.30541
1.29768
1.28700
1.28015
1.27399
1.26804
1.26227
1.25675
1.25087
1.23982
1.23378
1.22821
1.22219
1.21478
1.20754
1.20165
1.19090
1.18382
1.17799
1.17205
1.16581
1.16033
1.15402
1.14508
1.13839
1.13275
1.12690
1.12016
1.11240
1.10491
1.09434
1.08744
1.08130
1.07557
1.06971
1.06373
1.05800
1.04826
1.04139
1.03486
1.02867
1.02198
1.01531
1.00851
0.99887
0.99274
0.98673
0.98030
0.97413
0.96780
0.96172
0.95204
0.94547
0.93888
0.93283
0.92627
0.92022
0.91348
0.90316
0.89670
0.89045
0.88404
0.87816
0.87156
0.86525
0.85463
0.84766
0.84126
0.83247
0.82600
0.81919
0.80627
0.79754
0.79158
0.78559
0.78559
0.78559
0.78559
0.78559
0.78559
0.78559
0.78559
0.78559
0.78559
0.78559
0.78559
0.78559
0.78559
0.78559
0.78559
0.78559
0.78559
0.78559
0.78559
0.78559
0.78559
0.78559
0.78559
0.78559
0.78559
0.78559
0.78559
0.78559
0.78559
0.78559
0.78559
0.78559
0.78559
0.78559
0.78559
0.78559
0.78559
0.78559
0.78559
0.78559
0.78559
0.78559
0.78559
0.78559
0.78559
0.78559
0.78559
0.78559
0.78559
0.78559
0.78559
0.78559
0.78559
0.78559
0.78559
0.78559
0.78559
0.78559
0.78559
0.78559
0.78559
0.78559
0.78559
0.78559
0.78559
0.78559
0.78559
0.78559
0.78559
0.78559
0.78559
0.78559
0.78559
0.78559
0.78559
0.78559
0.78559
0.78559
0.78559
0.78559
0.78559
0.78559
0.78559
0.78559
0.78559
0.78559
0.78559
0.78559
0.78559
0.78559
0.78559
0.78559
0.78559
0.78559
0.78559
0.78559
0.78559
0.78559
0.78559
0.78559
0.78559
0.78559
0.78559
0.78559
0.78559
0.78559
0.78559
0.78559
0.78559
0.78559
0.78559
0.78559
0.78559
0.78559
0.78559
0.78559
0.78559
0.78559
0.78559
0.78559
0.78559
0.78559
0.78559
0.78559
0.78559
0.78559
0.78559
0.78559
0.78559
0.78559
0.78559
0.78559
0.79107
0.79666
0.80211
0.80804
0.81390
0.82330
0.82921
0.83494
0.84082
0.85260
0.85906
0.87076
0.87861
0.88616
0.89432
0.90015
0.90597
0.91621
0.92362
0.92935
0.93546
0.94094
0.94688
0.95268
0.96231
0.96860
0.97453
0.98042
0.98588
0.99173
0.99744
1.00373
1.01309
1.01904
1.02487
1.03058
1.03873
1.04444
1.05067
1.05968
1.06565
1.07151
1.07782
1.08369
1.08959
1.09522
1.10093
1.11038
1.11612
1.12195
1.12776
1.13373
1.13939
1.14518
1.15138
1.16254
1.17022
1.17643
1.18404
1.19091
1.19689
1.20820
1.21534
1.22098
1.22669
1.23234
1.23819
1.24414
1.25308
1.25920
1.26491
1.27082
1.27669
1.28242
1.28874
1.29478
1.30408
1.30973
1.31580
1.32145
1.32709
1.33301
1.33869
1.34449
1.35404
1.36200
1.37009
1.37574
1.38141
1.38141
1.38141
1.38141
1.38141
1.38141
1.38141
1.38141
1.38141
1.38141
1.38141
1.38141
1.38141
1.38141
1.38141
1.38141
1.38141
1.38141
1.38141
1.38141
1.38141
1.38141
1.38141
1.38141
1.38141
1.38141
1.38141
1.38141
1.38141
1.38141
1.38141
1.38141
1.38141
1.38141
1.38141
1.38141
1.38141
1.38141
1.38141
1.38141
1.38141
1.38141
1.38141
1.38141
1.38141
1.38141
1.38141
1.38141
1.38141
1.38141
1.38141
1.38141
1.38141
1.38141
1.38141
1.38141
1.38141
1.38141
1.38141
1.38141
1.38141
1.38141
1.38141
1.38141
1.38141
1.38141
1.38141
1.38141
1.38141
1.38141
1.38141
1.38141
1.38141
1.38141
1.38141
1.38141
1.38141
1.38141
1.38141
1.38141
1.38141
1.38141
1.38141
1.38141
1.38141
1.38141
1.38141
1.38141
1.38141
1.38141
1.38141
1.38141
1.38141
1.38141
1.38141
1.38141
1.38141
1.38141
1.38141
1.38141
1.38141
1.38141
1.38141
1.38141
1.38141
1.38141
1.38141
1.38141
1.38141
1.38141
1.38141
1.38141
1.38141
1.38141
1.38141
1.38141
1.38141
1.38141
1.38141
1.38141
1.38141
1.38141
1.38141
1.38141
1.38141
1.38141
1.38141
1.38141
1.38141
1.38141
1.38141
1.38141
1.38141
1.38141
1.38141
1.38141
1.38141
1.38141
1.38141
1.38141
1.38141
1.38141
1.38141
1.38141
1.38141
1.38141
1.38141
1.38141
1.38141
1.38141
1.38141
1.38141
1.38141
1.38141
1.38141
1.38141
1.38141
1.38141
1.38141
1.38141
1.38141
1.38141
1.38141
1.38141
1.38141
1.38141
1.38141
1.38141
1.38141
1.38141
1.38141
1.38141
1.38141
1.38141
1.38141
1.38141
1.38141
1.38141
1.38141
1.38141
1.38141
1.38141
1.38141
1.38141
1.38141
1.38141
1.38141
1.38141
1.38141
1.38141
1.38141
1.38141
1.38141
1.38141
1.38141
1.38141
1.38141
1.38141
1.38141
1.38141
1.38141
1.38141
1.38141
1.38141
1.38141
1.38141
1.38141
1.38141
1.38141
1.38141
1.38141
1.38141
1.38141
1.38141
1.38141
1.38141
1.38141
1.38141
1.38141
1.38141
1.38141
1.38141
1.38141
1.38141
1.38141
1.38141
1.38141
1.38141
1.38141
1.38141
1.38141
1.38141
1.38141
1.38141
1.38141
1.38141
1.38141
1.38141
1.38141
1.38141
1.38141
1.38141
1.38141
1.38141
1.38141
1.38141
1.38141
1.38141
1.38141
1.38141
1.38141
1.38141
1.38141
1.38141
1.38141
1.38141
1.38141
1.38141
1.38141
1.38141
1.38141
1.38141
1.38141
1.38141
1.38141
1.38141
1.38141
1.38141
1.38141
1.38141
1.38141
1.38141
1.38141
1.38141
1.38141
1.38141
1.38141
1.38141
1.38141
1.38141
1.38141
1.38141
1.38141
1.38141
1.38141
1.38141
1.38141
1.38141
1.38141
1.38141
1.38141
1.38141
1.38141
1.38141
1.38141
1.38141
1.38141
1.38141
1.38141
1.38141
1.38141
1.38141
1.38141
1.38141
1.38141
1.38141
1.38141
1.38141
1.38141
1.38141
1.38141
1.38141
1.38141
1.38141
1.38141
1.38141
1.38141
1.38141
1.38141
1.38141
1.38141
1.38141
1.38141
1.38141
1.38141
1.38141
1.38141
1.38141
1.38141
1.38141
1.38141
1.38141
1.38141
1.38141
1.38141
1.38141
1.38141
1.38141
1.38141
1.38141
1.38141
1.38141
1.38141
1.38141
1.38141
1.38141
1.38141
1.38141
1.38141
1.38141
1.38141
1.38141
1.38141
1.38141
1.38141
1.38141
1.38141
1.38141
1.38141
1.38141
1.38141
1.38141
1.38141
1.38141
1.38141
1.38141
1.38141
1.38141
1.38141
1.38141
1.38141
1.38141
1.38141
1.38141
1.38141
1.38141
1.38141
1.38141
1.38141
1.38141
1.38141
1.38141
1.38141
1.38141
1.38141
1.38141
1.38141
1.38141
1.38141
1.38141
1.38141
1.38141
1.38141
1.38141
1.38141
1.38141
1.38141
1.38141
1.38141
1.38141
1.38141
1.38141
1.38141
1.38141
1.38141
1.38141
1.38141
1.38141
1.38141
1.38141
1.38141
1.38141
1.38141
1.38141
1.38141
1.38141
1.38141
1.38141
1.38141
1.38141
1.38141
1.38141
1.38141
1.38141
1.38141
1.38141
1.38141
1.38141
1.38141
1.38141
1.38141
1.38141
1.38141
1.38141
1.38141
1.38141
1.38141
1.38141
1.38141
1.38141
1.38141
1.38141
1.38141
1.38141
1.38141
1.38141
1.38141
1.38141
1.38141
1.38141
1.38141
1.38141
1.38141
1.38141
1.38141
1.38141
1.38141
1.38141
1.38141
1.38141
1.38141
1.38141
1.38141
1.38141
1.38141
1.38141
1.38141
1.38141
1.38141
1.38141
1.38141
1.38141
1.38141
1.38141
1.38141
1.38141
1.38141
1.38141
1.38141
1.38141
1.38141
1.38141
1.38141
1.38141
1.38141
1.38141
1.38141
1.38141
1.38141
1.38141
1.38141
1.38141
1.38141
1.38141
1.38141
1.38141
1.38141
1.38141
1.38141
1.38141
1.38141
1.38141
1.38141
1.38141
1.38141
1.38141
1.38141
1.38141
1.38141
1.38141
1.38141
1.38141
1.38141
1.38141
1.38141
1.38141
1.38141
1.38141
1.38141
1.38141
1.38141
1.38141
1.38141
1.38141
1.38141
1.38141
1.38141
1.38141
1.38141
1.38141
1.38141
1.38141
1.38141
1.38141
1.38141
1.38141
1.38141
1.38141
1.38141
1.38141
1.38141
1.38141
1.38141
1.38141
1.38141
1.38141
1.38141
1.38141
1.38141
1.38141
1.38141
1.38141
1.38141
1.38141
1.38141
1.38141
1.38141
1.38141
1.38141
1.38141
1.38141
1.38141
1.38141
1.38141
1.38141
1.38141
1.38141
1.38141
1.38141
1.38141
1.38141
1.38141
1.38141
1.38141
1.38141
1.38141
1.38141
1.38141
1.38141
1.38141
1.38141
1.38141
1.38141
1.38141
1.38141
1.38141
1.38141
1.38141
1.38141
1.38141
1.38141
1.38141
1.38141
1.38141
1.38141
1.38141
1.38141
1.38141
1.38141
1.38141
1.38141
1.38141
1.38141
1.38141
1.38141
1.38141
1.38141
1.38141
1.38141
1.38141
1.38141
1.38141
1.38141
1.38141
1.38141
1.38141
1.38141
1.38141
1.38141
1.38141
1.38141
1.38141
1.38141
1.38141
1.38141
1.38141
1.38141
1.38141
1.38141
1.38141
1.38141
1.38141
1.38141
1.38141
1.38141
1.38141
1.38141
1.38141
1.38141
1.38141
1.38141
1.38141
1.38141
1.38141
1.38141
1.38141
1.38141
1.38141
1.38141
1.38141
1.38141
1.38141
1.38141
1.38141
1.38141
1.38141
1.38141
1.38141
1.38141
1.38141
1.38141
1.38141
1.38141
1.38141
1.38141
1.38141
1.38141
1.38141
1.38141
1.38141
1.38141
1.38141
1.38141
1.38141
1.38141
1.38141
1.38141
1.38141
1.38141
1.38141
1.38141
1.38141
1.38141
1.38141
1.38141
1.38141
1.38141
1.38141
1.38141
1.38141
1.38141
1.38141
1.38141
1.38141
1.38141
1.38141
1.38141
1.38141
1.38141
1.38141
1.38141
1.38141
1.38141
1.38141
1.38141
1.38141
1.38141
1.38141
1.38141
1.38141
1.38141
1.38141
1.38141
1.38141
1.38141
1.38141
1.38141
1.38141
1.38141
1.38141
1.38141
1.38141
1.38141
1.38141
1.38141
1.38141
1.38141
1.38141
1.38141
1.38141
1.38141
1.38141
1.38141
1.38141
1.38141
1.38141
1.38141
1.38141
1.38141
1.38141
1.38141
1.38141
1.38141
1.38141
1.38141
1.38141
1.38141
1.38141
1.38141
1.38141
1.38141
1.38141
1.38141
1.38141
1.38141
1.38141
1.38141
1.38141
1.38141
1.38141
1.38141
1.38141
1.38141
1.38141
1.38141
1.38141
1.38141
1.38141
1.38141
1.38141
1.38141
1.38141
1.38141
1.38141
1.38141
1.38141
1.38141
1.38141
1.38141
1.38141
1.38141
1.38141
1.38141
1.38141
1.38141
1.38141
1.38141
1.38141
1.38141
1.38141
1.38141
1.38141
1.38141
1.38141
1.38141
1.38141
1.38141
1.38141
1.38141
1.38141
1.38141
1.38141
1.38141
1.38141
1.38141
1.38141
1.38141
1.38141
1.38141
1.38141
1.38141
1.38141
1.38141
1.38141
1.38141
1.38141
1.38141
1.38141
1.38141
1.38141
1.38141
1.38141
1.38141
1.38141
1.37543
1.36959
1.35989
1.35227
1.34485
1.33748
1.33160
1.32550
1.31936
1.30901
1.30196
1.29563
1.28964
1.28399
1.27793
1.27045
1.25928
1.25320
1.24729
1.24144
1.23525
1.22947
1.22340
1.21413
1.20799
1.20220
1.19574
1.19003
1.18412
1.17826
1.16896
1.16269
1.15481
1.14705
1.13935
1.13345
1.12761
1.11683
1.10944
1.10324
1.09675
1.09088
1.08480
1.07866
1.06927
1.06333
1.05712
1.04947
1.04183
1.03422
1.02764
1.01737
1.01002
1.00206
0.99623
0.99024
0.98410
0.97828
0.96881
0.96289
0.95696
0.95094
0.94496
0.93924
0.93325
0.92404
0.91795
0.91210
0.90648
0.90061
0.89499
0.88907
0.88319
0.87375
0.86744
0.85913
0.85134
0.84365
0.83809
0.82730
0.82007
0.81437
0.80885
0.80289
0.79696
0.79090
0.78136
0.78136
0.78136
0.78136
0.78136
0.78136
0.78136
0.78136
0.78136
0.78136
0.78136
0.78136
0.78136
0.78136
0.78136
0.78136
0.78136
0.78136
0.78136
0.78136
0.78136
0.78136
0.78136
0.78136
0.78136
0.78136
0.78136
0.78136
0.78136
0.78136
0.78136
0.78136
0.78136
0.78136
0.78136
0.78136
0.78136
0.78136
0.78136
0.78136
0.78136
0.78136
0.78136
0.78136
0.78136
0.78136
0.78136
0.78136
0.78136
0.78136
0.78136
0.78136
0.78136
0.78136
0.78136
0.78136
0.78136
0.78136
0.78136
0.78136
0.78136
0.78136
0.78136
0.78136
0.78136
0.78136
0.78136
0.78136
0.78136
0.78136
0.78136
0.78136
0.78136
0.78136
0.78136
0.78136
0.78136
0.78136
0.78136
0.78136
0.78136
0.78136
0.78136
0.78136
0.78136
0.78136
0.78136
0.78136
0.78136
0.78136
0.78136
0.78136
0.78136
0.78136
0.78136
0.78136
0.78136
0.78136
0.78136
0.78136
0.78136
0.78136
0.78136
0.78136
0.78136
0.78136
0.78136
0.78136
0.78136
0.78136
0.78136
0.78136
0.78136
0.78136
0.78136
0.78136
0.78136
0.78136
0.78136
0.78136
0.78136
0.78136
0.78136
0.78136
0.78136
0.78136
0.78136
0.78136
0.78136
0.78136
0.78136
0.78136
0.78136
0.78727
0.79339
0.79926
0.80574
0.81313
0.82259
0.83344
0.84061
0.84826
0.85404
0.86020
0.86613
0.87211
0.88250
0.89013
0.89615
0.90200
0.90766
0.91345
0.92006
0.92926
0.93567
0.94146
0.94758
0.95334
0.95943
0.96547
0.97491
0.98084
0.98674
0.99271
0.99842
1.00488
1.01083
1.02037
1.02626
1.03230
1.03810
1.04426
1.05078
1.05661
1.06609
1.07238
1.07822
1.08397
1.08993
1.09594
1.10243
1.11190
1.11813
1.12387
1.12998
1.13587
1.14322
1.15032
1.16110
1.16821
1.17420
1.18024
1.18633
1.19210
1.20715
1.21916
1.22574
1.23157
1.23738
1.24347
1.24956
1.25573
1.26510
1.27112
1.27691
1.28283
1.28879
1.29468
1.30093
1.31239
1.32002
1.32607
1.33171
1.33744
1.34361
1.34958
1.35909
1.36523
1.37115
1.37686
1.38307
1.38307
1.38307
1.38307
1.38307
1.38307
1.38307
1.38307
1.38307
1.38307
1.38307
1.38307
1.38307
1.38307
1.38307
1.38307
1.38307
1.38307
1.38307
1.38307
1.38307
1.38307
1.38307
1.38307
1.38307
1.38307
1.38307
1.38307
1.38307
1.38307
1.38307
1.38307
1.38307
1.38307
1.38307
1.38307
1.38307
1.38307
1.38307
1.38307
1.38307
1.38307
1.38307
1.38307
1.38307
1.38307
1.38307
1.38307
1.38307
1.38307
1.38307
1.38307
1.38307
1.38307
1.38307
1.38307
1.38307
1.38307
1.38307
1.38307
1.38307
1.38307
1.38307
1.38307
1.38307
1.38307
1.38307
1.38307
1.38307
1.38307
1.38307
1.38307
1.38307
1.38307
1.38307
1.38307
1.38307
1.38307
1.38307
1.38307
1.38307
1.38307
1.38307
1.38307
1.38307
1.38307
1.38307
1.38307
1.38307
1.38307
1.38307
1.38307
1.38307
1.38307
1.38307
1.38307
1.38307
1.38307
1.38307
1.38307
1.38307
1.38307
1.38307
1.38307
1.38307
1.38307
1.38307
1.38307
1.38307
1.38307
1.38307
1.38307
1.38307
1.38307
1.38307
1.38307
1.38307
1.38307
1.38307
1.38307
1.38307
1.38307
1.38307
1.38307
1.38307
1.38307
1.38307
1.38307
1.38307
1.38307
1.38307
1.38307
1.38307
1.38307
1.38307
1.38307
1.38307
1.38307
1.38307
1.38307
1.38307
1.38307
1.38307
1.38307
1.38307
1.38307
1.38307
1.38307
1.38307
1.38307
1.38307
1.38307
1.38307
1.38307
1.38307
1.38307
1.38307
1.38307
1.38307
1.38307
1.38307
1.38307
1.38307
1.38307
1.38307
1.38307
1.38307
1.38307
1.38307
1.38307
1.38307
1.38307
1.38307
1.38307
1.38307
1.38307
1.38307
1.38307
1.38307
1.38307
1.38307
1.38307
1.38307
1.38307
1.38307
1.38307
1.38307
1.38307
1.38307
1.38307
1.38307
1.38307
1.38307
1.38307
1.38307
1.38307
1.38307
1.38307
1.38307
1.38307
1.38307
1.38307
1.38307
1.38307
1.38307
1.38307
1.38307
1.38307
1.38307
1.38307
1.38307
1.38307
1.38307
1.38307
1.38307
1.38307
1.38307
1.38307
1.38307
1.38307
1.38307
1.38307
1.38307
1.38307
1.38307
1.38307
1.38307
1.38307
1.38307
1.38307
1.38307
1.38307
1.38307
1.38307
1.38307
1.38307
1.38307
1.38307
1.38307
1.38307
1.38307
1.38307
1.37646
1.37000
1.36371
1.35421
1.34823
1.34191
1.33609
1.33009
1.32424
1.31816
1.30876
1.30234
1.29401
1.28626
1.27881
1.27208
1.25863
1.25083
1.24393
1.23810
1.23200
1.22558
1.21590
1.20975
1.20296
1.19699
1.18891
1.18296
1.17661
1.16350
1.15545
1.14798
1.14186
1.13580
1.12786
1.11677
1.10776
1.10163
1.09574
1.08735
1.08086
1.06908
1.06289
1.05698
1.04953
1.04323
1.03641
1.03029
1.02089
1.01458
1.00855
1.00277
0.99544
0.98905
0.98330
0.97378
0.96693
0.96076
0.95476
0.94870
0.94301
0.93616
0.92658
0.92050
0.91449
0.90760
0.90155
0.89548
0.88927
0.87856
0.87256
0.86650
0.85703
0.84754
0.83939
0.82841
0.82133
0.81295
0.80695
0.80106
0.79378
0.78447
0.77751
0.77751
0.77751
0.77751
0.77751
0.77751
0.77751
0.77751
0.77751
0.77751
0.77751
0.77751
0.77751
0.77751
0.77751
0.77751
0.77751
0.77751
0.77751
0.77751
0.77751
0.77751
0.77751
0.77751
0.77751
0.77751
0.77751
0.77751
0.77751
0.77751
0.77751
0.77751
0.77751
0.77751
0.77751
0.77751
0.77751
0.77751
0.77751
0.77751
0.77751
0.77751
0.77751
0.77751
0.77751
0.77751
0.77751
0.77751
0.77751
0.77751
0.77751
0.77751
0.77751
0.77751
0.77751
0.77751
0.77751
0.77751
0.77751
0.77751
0.77751
0.77751
0.77751
0.77751
0.77751
0.77751
0.77751
0.77751
0.77751
0.77751
0.77751
0.77751
0.77751
0.77751
0.77751
0.77751
0.77751
0.77751
0.77751
0.77751
0.77751
0.77751
0.77751
0.77751
0.77751
0.77751
0.77751
0.77751
0.77751
0.77751
0.77751
0.77751
0.77751
0.77751
0.77751
0.77751
0.77751
0.77751
0.77751
0.77751
0.77751
0.77751
0.77751
0.77751
0.77751
0.77751
0.77751
0.77751
0.77751
0.77751
0.77751
0.77751
0.77751
0.77751
0.77751
0.77751
0.77751
0.77751
0.77751
0.77751
0.77751
0.77751
0.77751
0.77751
0.77751
0.77751
0.77751
0.77751
0.77751
0.78676
0.79325
0.79911
0.80526
0.81118
0.81713
0.82369
0.83494
0.84273
0.84928
0.85714
0.86537
0.87131
0.88211
0.88984
0.89577
0.90167
0.90738
0.91353
0.91951
0.92883
0.93512
0.94152
0.94745
0.95416
0.96058
0.96661
0.97651
0.98235
0.98880
0.99685
1.00310
1.00908
1.01530
1.02449
1.03092
1.03687
1.04526
1.05116
1.05722
1.06345
1.07325
1.07904
1.08525
1.09137
1.09702
1.10339
1.10921
1.11850
1.12437
1.13075
1.13876
1.14649
1.15254
1.15904
1.16967
1.17662
1.18253
1.18886
1.19446
1.20049
1.20641
1.21557
1.22153
1.22767
1.23351
1.23936
1.24518
1.25114
1.25706
1.26632
1.27265
1.27879
1.28485
1.29059
1.29701
1.30563
1.31691
1.32403
1.33015
1.33613
1.34203
1.34794
1.35416
1.36333
1.36978
1.37792
1.37792
1.37792
1.37792
1.37792
1.37792
1.37792
1.37792
1.37792
1.37792
1.37792
1.37792
1.37792
1.37792
1.37792
1.37792
1.37792
1.37792
1.37792
1.37792
1.37792
1.37792
1.37792
1.37792
1.37792
1.37792
1.37792
1.37792
1.37792
1.37792
1.37792
1.37792
1.37792
1.37792
1.37792
1.37792
1.37792
1.37792
1.37792
1.37792
1.37792
1.37792
1.37792
1.37792
1.37792
1.37792
1.37792
1.37792
1.37792
1.37792
1.37792
1.37792
1.37792
1.37792
1.37792
1.37792
1.37792
1.37792
1.37792
1.37792
1.37792
1.37792
1.37792
1.37792
1.37792
1.37792
1.37792
1.37792
1.37792
1.37792
1.37792
1.37792
1.37792
1.37792
1.37792
1.37792
1.37792
1.37792
1.37792
1.37792
1.37792
1.37792
1.37792
1.37792
1.37792
1.37792
1.37792
1.37792
1.37792
1.37792
1.37792
1.37792
1.37792
1.37792
1.37792
1.37792
1.37792
1.37792
1.37792
1.37792
1.37792
1.37792
1.37792
1.37792
1.37792
1.37792
1.37792
1.37792
1.37792
1.37792
1.37792
1.37792
1.37792
1.37792
1.37792
1.37792
1.37792
1.37792
1.37792
1.37792
1.37792
1.37792
1.37792
1.37792
1.37792
1.37792
1.37792
1.37792
1.37792
1.37792
1.37792
1.37792
1.37792
1.37792
1.37792
1.37792
1.37792
1.37792
1.37792
1.37792
1.37792
1.37792
1.37792
1.37792
1.37792
1.37792
1.37792
1.37792
1.37792
1.37792
1.37792
1.37792
1.37792
1.37792
1.37792
1.37792
1.37792
1.37792
1.37792
1.37792
1.37792
1.37792
1.37792
1.37792
1.37792
1.37792
1.37792
1.37792
1.37792
1.37792
1.37792
1.37792
1.37792
1.37792
1.37792
1.37792
1.37792
1.37792
1.37792
1.37792
1.37792
1.37792
1.37792
1.37792
1.37792
1.37792
1.37792
1.37792
1.37792
1.37792
1.37792
1.37792
1.37792
1.37792
1.37792
1.37792
1.37792
1.37792
1.37792
1.37792
1.37792
1.37792
1.37792
1.37792
1.37792
1.37792
1.37792
1.37792
1.37792
1.37792
1.37792
1.37792
1.37792
1.37792
1.37792
1.37792
1.37792
1.37792
1.37792
1.37792
1.37792
1.37792
1.37792
1.37792
1.37792
1.37792
1.37792
1.37792
1.37792
1.37792
1.37792
1.37792
1.37792
1.37792
1.37792
1.37792
1.37792
1.37792
1.37792
1.37792
1.37792
1.37792
1.37199
1.36575
1.35986
1.35336
1.34402
1.33756
1.33164
1.32553
1.31931
1.31331
1.30716
1.29762
1.29109
1.28459
1.27873
1.27306
1.26686
1.26083
1.24937
1.24205
1.23329
1.22680
1.22083
1.21453
1.20379
1.19627
1.19042
1.18398
1.17790
1.17182
1.16497
1.15319
1.14552
1.13868
1.13261
1.12659
1.12088
1.11151
1.10065
1.09310
1.08717
1.08110
1.07476
1.06854
1.06268
1.05251
1.04648
1.04057
1.03437
1.02848
1.02257
1.01666
1.00745
1.00139
0.99507
0.98906
0.98313
0.97725
0.97089
0.95602
0.94941
0.94280
0.93714
0.93113
0.92479
0.91524
0.90915
0.90293
0.89693
0.89108
0.88492
0.87903
0.86960
0.86349
0.85542
0.84754
0.83931
0.83327
0.82284
0.81509
0.80912
0.80257
0.79673
0.79078
0.78438
0.78438
0.78438
0.78438
0.78438
0.78438
0.78438
0.78438
0.78438
0.78438
0.78438
0.78438
0.78438
0.78438
0.78438
0.78438
0.78438
0.78438
0.78438
0.78438
0.78438
0.78438
0.78438
0.78438
0.78438
0.78438
0.78438
0.78438
0.78438
0.78438
0.78438
0.78438
0.78438
0.78438
0.78438
0.78438
0.78438
0.78438
0.78438
0.78438
0.78438
0.78438
0.78438
0.78438
0.78438
0.78438
0.78438
0.78438
0.78438
0.78438
0.78438
0.78438
0.78438
0.78438
0.78438
0.78438
0.78438
0.78438
0.78438
0.78438
0.78438
0.78438
0.78438
0.78438
0.78438
0.78438
0.78438
0.78438
0.78438
0.78438
0.78438
0.78438
0.78438
0.78438
0.78438
0.78438
0.78438
0.78438
0.78438
0.78438
0.78438
0.78438
0.78438
0.78438
0.78438
0.78438
0.78438
0.78438
0.78438
0.78438
0.78438
0.78438
0.78438
0.78438
0.78438
0.78438
0.78438
0.78438
0.78438
0.78438
0.78438
0.78438
0.78438
0.78438
0.78438
0.78438
0.78438
0.78438
0.78438
0.78438
0.78438
0.78438
0.78438
0.78438
0.78438
0.78438
0.78438
0.78438
0.78438
0.78438
0.78438
0.78438
0.78438
0.78438
0.78438
0.78438
0.78438
0.78438
0.78438
0.78438
0.78438
0.79052
0.80031
0.80645
0.81290
0.81907
0.82546
0.83352
0.84123
0.85208
0.85955
0.86574
0.87215
0.87829
0.88449
0.89063
0.90223
0.91026
0.91824
0.92431
0.93044
0.93643
0.94774
0.95524
0.96107
0.96734
0.97317
0.97902
0.98530
0.99454
1.00107
1.00722
1.01379
1.01951
1.02604
1.03226
1.04160
1.04787
1.05381
1.05978
1.06580
1.07186
1.07777
1.08946
1.09576
1.10193
1.10822
1.11446
1.12042
1.12694
1.13634
1.14290
1.15085
1.15862
1.16444
1.17055
1.17741
1.18796
1.19527
1.20107
1.20738
1.21356
1.21961
1.22559
1.23507
1.24104
1.24727
1.25351
1.25937
1.26557
1.27188
1.28215
1.28801
1.29450
1.30233
1.31001
1.31593
1.32250
1.33336
1.34054
1.34701
1.35331
1.35921
1.36549
1.37151
1.38156
1.38156
1.38156
1.38156
1.38156
1.38156
1.38156
1.38156
1.38156
1.38156
1.38156
1.38156
1.38156
1.38156
1.38156
1.38156
1.38156
1.38156
1.38156
1.38156
1.38156
1.38156
1.38156
1.38156
1.38156
1.38156
1.38156
1.38156
1.38156
1.38156
1.38156
1.38156
1.38156
1.38156
1.38156
1.38156
1.38156
1.38156
1.38156
1.38156
1.38156
1.38156
1.38156
1.38156
1.38156
1.38156
1.38156
1.38156
1.38156
1.38156
1.38156
1.38156
1.38156
1.38156
1.38156
1.38156
1.38156
1.38156
1.38156
1.38156
1.38156
1.38156
1.38156
1.38156
1.38156
1.38156
1.38156
1.38156
1.38156
1.38156
1.38156
1.38156
1.38156
1.38156
1.38156
1.38156
1.38156
1.38156
1.38156
1.38156
1.38156
1.38156
1.38156
1.38156
1.38156
1.38156
1.38156
1.38156
1.38156
1.38156
1.38156
1.38156
1.38156
1.38156
1.38156
1.38156
1.38156
1.38156
1.38156
1.38156
1.38156
1.38156
1.38156
1.38156
1.38156
1.38156
1.38156
1.38156
1.38156
1.38156
1.38156
1.38156
1.38156
1.38156
1.38156
1.38156
1.38156
1.38156
1.38156
1.38156
1.38156
1.38156
1.38156
1.38156
1.38156
1.38156
1.38156
1.38156
1.38156
1.38156
1.38156
1.38156
1.38156
1.38156
1.38156
1.38156
1.38156
1.38156
1.38156
1.38156
1.38156
1.38156
1.38156
1.38156
1.38156
1.38156
1.38156
1.38156
1.38156
1.38156
1.38156
1.38156
1.38156
1.38156
1.38156
1.38156
1.38156
1.38156
1.38156
1.38156
1.38156
1.38156
1.38156
1.38156
1.38156
1.38156
1.38156
1.38156
1.38156
1.38156
1.38156
1.38156
1.38156
1.38156
1.38156
1.38156
1.38156
1.38156
1.38156
1.38156
1.38156
1.38156
1.38156
1.38156
1.38156
1.38156
1.38156
1.38156
1.38156
1.38156
1.38156
1.38156
1.38156
1.38156
1.38156
1.38156
1.38156
1.38156
1.38156
1.38156
1.38156
1.38156
1.38156
1.38156
1.38156
1.38156
1.38156
1.38156
1.38156
1.38156
1.38156
1.38156
1.38156
1.38156
1.38156
1.38156
1.38156
1.38156
1.38156
1.38156
1.38156
1.38156
1.38156
1.38156
1.38156
1.38156
1.38156
1.38156
1.38156
1.38156
1.38156
1.38156
1.38156
1.38156
1.38156
1.38156
1.38156
1.38156
1.38156
1.38156
1.38156
1.37530
1.36600
1.35928
1.35324
1.34702
1.34109
1.33481
1.32883
1.31919
1.31326
1.30703
1.29902
1.28602
1.27937
1.26942
1.26295
1.25681
1.25074
1.24481
1.23875
1.23238
1.22288
1.21664
1.21014
1.20170
1.19378
1.18807
1.18156
1.17047
1.16319
1.15704
1.14888
1.14136
1.13465
1.12409
1.11225
1.10564
1.09963
1.09342
1.08724
1.07752
1.07154
1.06520
1.05942
1.05348
1.04758
1.04145
1.02942
1.02298
1.01714
1.01075
1.00462
0.99851
0.99241
0.98308
0.97699
0.97036
0.96425
0.95856
0.95258
0.94672
0.93687
0.93072
0.92435
0.91847
0.91245
0.90621
0.89998
0.89062
0.88424
0.87824
0.87236
0.86582
0.85819
0.85047
0.83923
0.83198
0.82532
0.81927
0.81315
0.80714
0.80097
0.79117
0.78449
0.78449
0.78449
0.78449
0.78449
0.78449
0.78449
0.78449
0.78449
0.78449
0.78449
0.78449
0.78449
0.78449
0.78449
0.78449
0.78449
0.78449
0.78449
0.78449
0.78449
0.78449
0.78449
0.78449
0.78449
0.78449
0.78449
0.78449
0.78449
0.78449
0.78449
0.78449
0.78449
0.78449
0.78449
0.78449
0.78449
0.78449
0.78449
0.78449
0.78449
0.78449
0.78449
0.78449
0.78449
0.78449
0.78449
0.78449
0.78449
0.78449
0.78449
0.78449
0.78449
0.78449
0.78449
0.78449
0.78449
0.78449
0.78449
0.78449
0.78449
0.78449
0.78449
0.78449
0.78449
0.78449
0.78449
0.78449
0.78449
0.78449
0.78449
0.78449
0.78449
0.78449
0.78449
0.78449
0.78449
0.78449
0.78449
0.78449
0.78449
0.78449
0.78449
0.78449
0.78449
0.78449
0.78449
0.78449
0.78449
0.78449
0.78449
0.78449
0.78449
0.78449
0.78449
0.78449
0.78449
0.78449
0.78449
0.78449
0.78449
0.78449
0.78449
0.78449
0.78449
0.78449
0.78449
0.78449
0.78449
0.78449
0.78449
0.78449
0.78449
0.78449
0.78449
0.78449
0.78449
0.78449
0.78449
0.78449
0.78449
0.78449
0.78449
0.78449
0.78449
0.78449
0.78449
0.78449
0.78449
0.78449
0.78449
0.78449
0.78449
0.78449
0.78449
0.78449
0.78449
0.78449
0.78449
0.78449
0.78449
0.78449
0.78449
0.78449
0.78449
0.78449
0.78449
0.78449
0.78449
0.78449
0.78449
0.78449
0.78449
0.78449
0.78449
0.78449
0.78449
0.78449
0.79125
0.79711
0.80321
0.80959
0.81905
0.82513
0.83189
0.84018
0.84810
0.85433
0.86064
0.87179
0.87927
0.88503
0.89188
0.89793
0.90421
0.91033
0.91984
0.92600
0.93222
0.93831
0.94431
0.95063
0.95879
0.96829
0.97466
0.98135
0.98729
0.99352
0.99944
1.00573
1.01517
1.02174
1.02760
1.03402
1.03998
1.04622
1.05237
1.06245
1.06842
1.07492
1.08097
1.08721
1.09329
1.09948
1.10881
1.11491
1.12141
1.12718
1.13346
1.13942
1.14914
1.16072
1.16797
1.17450
1.18056
1.18664
1.19270
1.19876
1.20821
1.21465
1.22069
1.22652
1.23273
1.23843
1.24466
1.25390
1.26031
1.26655
1.27259
1.27866
1.28476
1.29118
1.30115
1.30897
1.31717
1.32301
1.33174
1.33796
1.34896
1.35696
1.36321
1.36957
1.37567
1.38219
1.38219
1.38219
1.38219
1.38219
1.38219
1.38219
1.38219
1.38219
1.38219
1.38219
1.38219
1.38219
1.38219
1.38219
1.38219
1.38219
1.38219
1.38219
1.38219
1.38219
1.38219
1.38219
1.38219
1.38219
1.38219
1.38219
1.38219
1.38219
1.38219
1.38219
1.38219
1.38219
1.38219
1.38219
1.38219
1.38219
1.38219
1.38219
1.38219
1.38219
1.38219
1.38219
1.38219
1.38219
1.38219
1.38219
1.38219
1.38219
1.38219
1.38219
1.38219
1.38219
1.38219
1.38219
1.38219
1.38219
1.38219
1.38219
1.38219
1.38219
1.38219
1.38219
1.38219
1.38219
1.38219
1.38219
1.38219
1.38219
1.38219
1.38219
1.38219
1.38219
1.38219
1.38219
1.38219
1.38219
1.38219
1.38219
1.38219
1.38219
1.38219
1.38219
1.38219
1.38219
1.38219
1.38219
1.38219
1.38219
1.38219
1.38219
1.38219
1.38219
1.38219
1.38219
1.38219
1.38219
1.38219
1.38219
1.38219
1.38219
1.38219
1.38219
1.38219
1.38219
1.38219
1.38219
1.38219
1.38219
1.38219
1.38219
1.38219
1.38219
1.38219
1.38219
1.38219
1.38219
1.38219
1.38219
1.38219
1.38219
1.38219
1.38219
1.38219
1.38219
1.38219
1.38219
1.38219
1.38219
1.38219
1.38219
1.38219
1.38219
1.38219
1.38219
1.38219
1.38219
1.38219
1.38219
1.38219
1.38219
1.38219
1.38219
1.38219
1.38219
1.38219
1.38219
1.38219
1.38219
1.38219
1.38219
1.38219
1.38219
1.38219
1.38219
1.38219
1.38219
1.38219
1.38219
1.38219
1.38219
1.38219
1.38219
1.38219
1.38219
1.38219
1.38219
1.38219
1.38219
1.38219
1.38219
1.38219
1.38219
1.38219
1.38219
1.38219
1.38219
1.38219
1.38219
1.38219
1.38219
1.38219
1.38219
1.38219
1.38219
1.38219
1.38219
1.38219
1.38219
1.38219
1.38219
1.38219
1.38219
1.38219
1.38219
1.38219
1.38219
1.38219
1.38219
1.38219
1.38219
1.38219
1.38219
1.38219
1.38219
1.38219
1.38219
1.38219
1.38219
1.38219
1.38219
1.38219
1.38219
1.38219
1.38219
1.38219
1.38219
1.38219
1.38219
1.38219
1.38219
1.38219
1.38219
1.38219
1.38219
1.38219
1.38219
1.38219
1.38219
1.38219
1.38219
1.38219
1.38219
1.38219
1.38219
1.38219
1.38219
1.38219
1.38219
1.38219
1.38219
1.38219
1.38219
1.38219
1.38219
1.38219
1.38219
1.38219
1.38219
1.38219
1.38219
1.38219
1.38219
1.38219
1.38219
1.38219
1.38219
1.38219
1.38219
1.38219
1.38219
1.38219
1.38219
1.38219
1.38219
1.38219
1.38219
1.38219
1.38219
1.38219
1.38219
1.38219
1.38219
1.38219
1.38219
1.38219
1.38219
1.38219
1.38219
1.38219
1.38219
1.38219
1.38219
1.38219
1.38219
1.38219
1.38219
1.38219
1.38219
1.38219
1.38219
1.38219
1.38219
1.38219
1.38219
1.37820
1.37549
1.37285
1.37045
1.36794
1.36546
1.36278
1.35883
1.35623
1.35379
1.35116
1.34871
1.34604
1.34349
1.33945
1.33687
1.33432
1.33174
1.32908
1.32652
1.32396
1.31986
1.31716
1.31350
1.30942
1.30562
1.30280
1.29854
1.29590
1.29310
1.29031
1.28771
1.28501
1.28233
1.27797
1.27530
1.27247
1.26984
1.26699
1.26424
1.26122
1.25692
1.25395
1.25129
1.24834
1.24538
1.24261
1.23973
1.23528
1.23246
1.22964
1.22691
1.22414
1.22121
1.21842
1.21381
1.21094
1.20789
1.20514
1.20216
1.19941
1.19645
1.19184
1.18886
1.18597
1.18296
1.17994
1.17703
1.17393
1.16934
1.16635
1.16332
1.16011
1.15717
1.15414
1.15112
1.14629
1.14308
1.13881
1.13563
1.13249
1.12944
1.12611
1.12134
1.11795
1.11488
1.11144
1.10843
1.10536
1.10198
1.09689
1.09373
1.09057
1.08742
1.08422
1.08098
1.07779
1.07259
1.06924
1.06594
1.06267
1.05934
1.05619
1.05244
1.04745
1.04390
1.04059
1.03702
1.03380
1.03027
1.02697
1.02171
1.01769
1.01351
1.01025
1.00645
1.00300
0.99942
0.99415
0.99050
0.98725
0.98367
0.98023
0.97661
0.97315
0.96753
0.96384
0.96024
0.95685
0.95337
0.94961
0.94618
0.93941
0.93538
0.93197
0.92842
0.92479
0.92127
0.91772
0.91217
0.90839
0.90488
0.90122
0.89769
0.89383
0.89021
0.88452
0.88076
0.87701
0.87344
0.86955
0.86570
0.86157
0.85607
0.85220
0.84842
0.84467
0.84069
0.83660
0.83284
0.82708
0.82337
0.81936
0.81591
0.81229
0.80877
0.80474
0.79944
0.79567
0.79214
0.78818
0.78448
0.78082
0.77719
0.77136
0.76795
0.76393
0.76021
0.75612
0.75256
0.74892
0.74344
0.73980
0.73630
0.73259
0.72901
0.72403
0.72034
0.71454
0.71077
0.70692
0.70324
0.69969
0.69609
0.69255
0.68685
0.68298
0.67930
0.67560
0.66915
0.66535
0.65969
0.65599
0.65228
0.64834
0.64479
0.64102
0.63733
0.63145
0.62758
0.62384
0.62025
0.61629
0.61287
0.60915
0.60349
0.59979
0.59617
0.59233
0.58863
0.58474
0.58104
0.57541
0.57178
0.56799
0.56452
0.56078
0.55714
0.55345
0.54760
0.54354
0.54000
