0.54535
0.55056
0.55654
0.56076
0.56439
0.57056
0.57449
0.57827
0.58196
0.58587
0.58956
0.59330
0.59715
0.60317
0.60703
0.61073
0.61473
0.61827
0.62196
0.62592
0.62975
0.63596
0.64114
0.64477
0.64863
0.65263
0.65637
0.66045
0.66653
0.67051
0.67425
0.67810
0.68204
0.68564
0.68942
0.69322
0.69949
0.70331
0.70716
0.71079
0.71440
0.71842
0.72225
0.72611
0.73205
0.73586
0.73954
0.74348
0.74749
0.75201
0.75585
0.75978
0.76617
0.76991
0.77420
0.77827
0.78230
0.78602
0.79015
0.79629
0.80032
0.80423
0.80830
0.81219
0.81616
0.82045
0.82910
0.83334
0.83752
0.84188
0.84563
0.84947
0.85347
0.85964
0.86345
0.86756
0.87123
0.87508
0.87870
0.88242
0.88682
0.89345
0.89925
0.90348
0.90769
0.91209
0.91613
0.92220
0.92916
0.93310
0.93707
0.94439
0.95052
0.95728
0.96357
0.96747
0.97085
0.97427
0.97788
0.98120
0.98471
0.98854
0.99460
0.99823
1.00163
1.00539
1.00894
1.01263
1.01644
1.02025
1.02656
1.03046
1.03441
1.03801
1.04182
1.04554
1.04912
1.05298
1.05894
1.06270
1.06642
1.07011
1.07386
1.07747
1.08188
1.08684
1.09382
1.09860
1.10219
1.10562
1.10940
1.11312
1.11704
1.12321
1.12694
1.13015
1.13400
1.13773
1.14121
1.14484
1.14838
1.15447
1.15785
1.16275
1.16620
1.16958
1.17328
1.17683
1.18037
1.18612
1.18966
1.19314
1.19663
1.20022
1.20455
1.20865
1.21367
1.22039
1.22417
1.22783
1.23124
1.23540
1.23885
1.24248
1.24634
1.25217
1.25609
1.25973
1.26345
1.26691
1.27046
1.27404
1.27744
1.28343
1.28694
1.29060
1.29406
1.29743
1.30106
1.30454
1.30825
1.31404
1.31757
1.32110
1.32457
1.32796
1.33155
1.33504
1.33868
1.34434
1.34806
1.35393
1.35766
1.36110
1.36487
1.36842
1.37198
1.37782
1.38000
1.38000
1.38000
1.38000
1.38000
1.38000
1.38000
1.38000
1.38000
1.38000
1.38000
1.38000
1.38000
1.38000
1.38000
1.38000
1.38000
1.38000
1.38000
1.38000
1.38000
1.38000
1.38000
1.38000
1.38000
1.38000
1.38000
1.38000
1.38000
1.38000
1.38000
1.38000
1.38000
1.38000
1.38000
1.38000
1.38000
1.38000
1.38000
1.38000
1.38000
1.38000
1.38000
1.38000
1.38000
1.38000
1.38000
1.38000
1.38000
1.38000
1.38000
1.38000
1.38000
1.38000
1.38000
1.38000
1.38000
1.38000
1.38000
1.38000
1.38000
1.38000
1.38000
1.38000
1.38000
1.38000
1.38000
1.38000
1.38000
1.38000
1.38000
1.38000
1.38000
1.38000
1.38000
1.38000
1.38000
1.38000
1.38000
1.38000
1.38000
1.38000
1.38000
1.38000
1.38000
1.38000
1.38000
1.38000
1.38000
1.38000
1.38000
1.38000
1.38000
1.38000
1.38000
1.38000
1.38000
1.38000
1.38000
1.38000
1.38000
1.38000
1.38000
1.38000
1.38000
1.38000
1.38000
1.38000
1.38000
1.38000
1.38000
1.38000
1.38000
1.38000
1.38000
1.38000
1.38000
1.38000
1.38000
1.38000
1.38000
1.38000
1.38000
1.38000
1.38000
1.38000
1.38000
1.38000
1.38000
1.38000
1.38000
1.38000
1.38000
1.38000
1.38000
1.38000
1.38000
1.38000
1.38000
1.38000
1.38000
1.38000
1.38000
1.38000
1.38000
1.38000
1.38000
1.38000
1.38000
1.38000
1.38000
1.38000
1.38000
1.38000
1.38000
1.38000
1.38000
1.38000
1.38000
1.38000
1.38000
1.38000
1.38000
1.38000
1.38000
1.38000
1.38000
1.38000
1.38000
1.38000
1.38000
1.38000
1.38000
1.38000
1.38000
1.38000
1.38000
1.38000
1.38000
1.38000
1.38000
1.38000
1.38000
1.38000
1.38000
1.38000
1.38000
1.38000
1.38000
1.38000
1.38000
1.38000
1.38000
1.38000
1.38000
1.38000
1.38000
1.38000
1.38000
1.38000
1.38000
1.38000
1.38000
1.38000
1.38000
1.38000
1.38000
1.38000
1.38000
1.38000
1.38000
1.38000
1.38000
1.38000
1.38000
1.38000
1.38000
1.38000
1.38000
1.38000
1.38000
1.38000
1.38000
1.38000
1.38000
1.38000
1.38000
1.38000
1.38000
1.38000
1.38000
1.38000
1.38000
1.38000
1.38000
1.38000
1.38000
1.38000
1.38000
1.38000
1.38000
1.38000
1.38000
1.38000
1.38000
1.38000
1.38000
1.38000
1.38000
1.38000
1.38000
1.38000
1.38000
1.38000
1.38000
1.38000
1.38000
1.38000
1.38000
1.38000
1.38000
1.38000
1.38000
1.38000
1.38000
1.38000
1.38000
1.38000
1.38000
1.38000
1.38000
1.38000
1.38000
1.38000
1.38000
1.38000
1.38000
1.38000
1.38000
1.38000
1.38000
1.38000
1.38000
1.38000
1.38000
1.38000
1.38000
1.38000
1.38000
1.38000
1.38000
1.38000
1.38000
1.38000
1.38000
1.38000
1.38000
1.38000
1.38000
1.38000
1.38000
1.38000
1.38000
1.38000
1.38000
1.38000
1.38000
1.38000
1.38000
1.38000
1.38000
1.38000
1.38000
1.38000
1.38000
1.38000
1.38000
1.38000
1.38000
1.38000
1.38000
1.38000
1.38000
1.38000
1.38000
1.38000
1.38000
1.38000
1.38000
1.38000
1.38000
1.38000
1.38000
1.38000
1.38000
1.38000
1.38000
1.38000
1.38000
1.38000
1.38000
1.38000
1.38000
1.38000
1.38000
1.38000
1.38000
1.38000
1.38000
1.38000
1.38000
1.38000
1.38000
1.38000
1.38000
1.38000
1.38000
1.38000
1.38000
1.38000
1.38000
1.38000
1.38000
1.38000
1.38000
1.38000
1.38000
1.38000
1.38000
1.38000
1.38000
1.38000
1.38000
1.38000
1.38000
1.38000
1.38000
1.38000
1.38000
1.36999
1.36421
1.35903
1.35354
1.34829
1.34272
1.33649
1.33107
1.32161
1.31616
1.31076
1.30521
1.29918
1.29202
1.28499
1.27418
1.26713
1.26187
1.25612
1.25033
1.24526
1.23989
1.22897
1.22178
1.21664
1.21084
1.20551
1.19980
1.19403
1.18523
1.17994
1.17480
1.16819
1.16248
1.15700
1.15161
1.14585
1.13609
1.13068
1.12493
1.11779
1.11020
1.10338
1.09798
1.08481
1.07740
1.07136
1.06499
1.05884
1.05267
1.04239
1.03627
1.02886
1.02322
1.01775
1.01168
1.00533
0.99638
0.99102
0.98514
0.97903
0.97309
0.96742
0.95801
0.94886
0.94311
0.93771
0.93154
0.92600
0.92078
0.91517
0.90988
0.90092
0.89506
0.88943
0.88414
0.87846
0.87102
0.86440
0.85428
0.84774
0.84214
0.83539
0.82863
0.82326
0.81590
0.80574
0.79799
0.79244
0.78699
0.78141
0.77595
0.77595
0.77595
0.77595
0.77595
0.77595
0.77595
0.77595
0.77595
0.77595
0.77595
0.77595
0.77595
0.77595
0.77595
0.77595
0.77595
0.77595
0.77595
0.77595
0.77595
0.77595
0.77595
0.77595
0.77595
0.77595
0.77595
0.77595
0.77595
0.77595
0.77595
0.77595
0.77595
0.77595
0.77595
0.77595
0.77595
0.77595
0.77595
0.77595
0.77595
0.77595
0.77595
0.77595
0.77595
0.77595
0.77595
0.77595
0.77595
0.77595
0.77595
0.77595
0.77595
0.77595
0.77595
0.77595
0.77595
0.77595
0.77595
0.77595
0.77595
0.77595
0.77595
0.77595
0.77595
0.77595
0.77595
0.77595
0.77595
0.77595
0.77595
0.77595
0.77595
0.77595
0.77595
0.77595
0.77595
0.77595
0.77595
0.77595
0.77595
0.77595
0.77595
0.77595
0.77595
0.77595
0.77595
0.77595
0.77595
0.77595
0.77595
0.77595
0.77595
0.77595
0.77595
0.77595
0.77595
0.77595
0.77595
0.77595
0.77595
0.77595
0.77595
0.77595
0.77595
0.77595
0.77595
0.77595
0.77595
0.77595
0.77595
0.77595
0.77595
0.77595
0.77595
0.77595
0.77595
0.77595
0.77595
0.77595
0.77595
0.77595
0.77595
0.77595
0.77595
0.77595
0.77595
0.77595
0.77595
0.77595
0.77595
0.77595
0.77595
0.77595
0.77595
0.77595
0.77595
0.77595
0.77595
0.77595
0.77595
0.77595
0.77595
0.77595
0.77595
0.77595
0.77595
0.77595
0.78470
0.79021
0.79532
0.80044
0.80621
0.81220
0.81800
0.82406
0.83294
0.83839
0.84392
0.84945
0.85472
0.86008
0.86542
0.87119
0.88168
0.88960
0.89596
0.90197
0.90754
0.91374
0.91928
0.92857
0.93427
0.94106
0.94624
0.95159
0.95698
0.96226
0.96773
0.97648
0.98247
0.98833
0.99362
0.99917
1.00433
1.00974
1.01512
1.02521
1.03104
1.03652
1.04197
1.04717
1.05237
1.05769
1.06305
1.07190
1.07728
1.08285
1.08815
1.09341
1.09871
1.10402
1.11000
1.12108
1.12791
1.13415
1.14010
1.14605
1.15156
1.15711
1.16600
1.17155
1.17905
1.18570
1.19133
1.19673
1.20204
1.20737
1.21876
1.22534
1.23092
1.23665
1.24217
1.24803
1.25375
1.26287
1.26841
1.27416
1.27951
1.28490
1.29029
1.29561
1.30123
1.30957
1.31505
1.32035
1.32570
1.33104
1.33663
1.34224
1.34762
1.35633
1.36178
1.36717
1.37291
1.37291
1.37291
1.37291
1.37291
1.37291
1.37291
1.37291
1.37291
1.37291
1.37291
1.37291
1.37291
1.37291
1.37291
1.37291
1.37291
1.37291
1.37291
1.37291
1.37291
1.37291
1.37291
1.37291
1.37291
1.37291
1.37291
1.37291
1.37291
1.37291
1.37291
1.37291
1.37291
1.37291
1.37291
1.37291
1.37291
1.37291
1.37291
1.37291
1.37291
1.37291
1.37291
1.37291
1.37291
1.37291
1.37291
1.37291
1.37291
1.37291
1.37291
1.37291
1.37291
1.37291
1.37291
1.37291
1.37291
1.37291
1.37291
1.37291
1.37291
1.37291
1.37291
1.37291
1.37291
1.37291
1.37291
1.37291
1.37291
1.37291
1.37291
1.37291
1.37291
1.37291
1.37291
1.37291
1.37291
1.37291
1.37291
1.37291
1.37291
1.37291
1.37291
1.37291
1.37291
1.37291
1.37291
1.37291
1.37291
1.37291
1.37291
1.37291
1.37291
1.37291
1.37291
1.37291
1.37291
1.37291
1.37291
1.37291
1.37291
1.37291
1.37291
1.37291
1.37291
1.37291
1.37291
1.37291
1.37291
1.37291
1.37291
1.37291
1.37291
1.37291
1.37291
1.37291
1.37291
1.37291
1.37291
1.37291
1.37291
1.37291
1.37291
1.37291
1.37291
1.37291
1.37291
1.37291
1.37291
1.37291
1.37291
1.37291
1.37291
1.37291
1.37291
1.37291
1.37291
1.37291
1.37291
1.37291
1.37291
1.37291
1.37291
1.37291
1.37291
1.37291
1.37291
1.37291
1.37291
1.37291
1.37291
1.37291
1.37291
1.37291
1.37291
1.37291
1.37291
1.37291
1.37291
1.37291
1.37291
1.37291
1.37291
1.37291
1.37291
1.37291
1.37291
1.37291
1.37291
1.37291
1.37291
1.37291
1.37291
1.37291
1.37291
1.37291
1.37291
1.37291
1.37291
1.37291
1.37291
1.37291
1.37291
1.37291
1.37291
1.37291
1.37291
1.37291
1.37291
1.37291
1.37291
1.37291
1.37291
1.37291
1.37291
1.37291
1.37291
1.37291
1.37291
1.37291
1.37291
1.37291
1.37291
1.37291
1.37291
1.37291
1.37291
1.37291
1.37291
1.37291
1.37291
1.37291
1.37291
1.37291
1.37291
1.37291
1.37291
1.37291
1.37291
1.37291
1.37291
1.37291
1.37291
1.37291
1.37291
1.37291
1.37291
1.37291
1.37291
1.37291
1.37291
1.37291
1.37291
1.37291
1.37291
1.37291
1.37291
1.37291
1.37291
1.37291
1.37291
1.37291
1.37291
1.37291
1.37291
1.37291
1.37291
1.37291
1.37291
1.37291
1.37291
1.37291
1.37291
1.37291
1.37291
1.37291
1.37291
1.37291
1.37291
1.37291
1.37291
1.37291
1.37291
1.37291
1.37291
1.36705
1.36189
1.35666
1.35060
1.34404
1.33752
1.32899
1.32315
1.31788
1.31226
1.30686
1.30140
1.29525
1.28803
1.27744
1.26938
1.26409
1.25885
1.25304
1.24737
1.24096
1.23106
1.22420
1.21910
1.21384
1.20862
1.20344
1.19804
1.19246
1.18337
1.17803
1.17253
1.16689
1.16165
1.15618
1.15093
1.14537
1.13696
1.13165
1.12580
1.11862
1.11123
1.10245
1.09701
1.08712
1.08047
1.07428
1.06858
1.06329
1.05764
1.05212
1.04638
1.03751
1.03171
1.02599
1.02032
1.01451
1.00709
1.00123
0.99221
0.98565
0.97892
0.97308
0.96606
0.96003
0.95432
0.94519
0.93850
0.93256
0.92685
0.92039
0.91476
0.90812
0.89924
0.89384
0.88827
0.88111
0.87502
0.86937
0.86364
0.85563
0.84530
0.83845
0.83216
0.82571
0.81766
0.80959
0.79795
0.79159
0.78577
0.77889
0.77277
0.77277
0.77277
0.77277
0.77277
0.77277
0.77277
0.77277
0.77277
0.77277
0.77277
0.77277
0.77277
0.77277
0.77277
0.77277
0.77277
0.77277
0.77277
0.77277
0.77277
0.77277
0.77277
0.77277
0.77277
0.77277
0.77277
0.77277
0.77277
0.77277
0.77277
0.77277
0.77277
0.77277
0.77277
0.77277
0.77277
0.77277
0.77277
0.77277
0.77277
0.77277
0.77277
0.77277
0.77277
0.77277
0.77277
0.77277
0.77277
0.77277
0.77277
0.77277
0.77277
0.77277
0.77277
0.77277
0.77277
0.77277
0.77277
0.77277
0.77277
0.77277
0.77277
0.77277
0.77277
0.77277
0.77277
0.77277
0.77277
0.77277
0.77277
0.77277
0.77277
0.77277
0.77277
0.77277
0.77277
0.77277
0.77277
0.77277
0.77277
0.77277
0.77277
0.77277
0.77277
0.77277
0.77277
0.77277
0.77277
0.77277
0.77277
0.77277
0.77277
0.77277
0.77277
0.77277
0.77277
0.77277
0.77277
0.77277
0.77277
0.77277
0.77277
0.77277
0.77277
0.77277
0.77277
0.77277
0.77277
0.77277
0.77277
0.77277
0.77277
0.77277
0.77277
0.77277
0.77277
0.78216
0.78800
0.79426
0.79964
0.80522
0.81084
0.81650
0.82222
0.83128
0.83736
0.84388
0.84962
0.85535
0.86097
0.86712
0.87506
0.88558
0.89271
0.89855
0.90432
0.90997
0.91569
0.92167
0.93068
0.93682
0.94225
0.94806
0.95372
0.96151
0.96737
0.97659
0.98232
0.98836
0.99403
0.99951
1.00508
1.01063
1.01614
1.02555
1.03121
1.03696
1.04254
1.04864
1.05400
1.05991
1.06568
1.07517
1.08104
1.08707
1.09268
1.09825
1.10424
1.11050
1.11612
1.12536
1.13108
1.13681
1.14253
1.14867
1.15661
1.16372
1.17448
1.18230
1.18825
1.19401
1.19982
1.20538
1.21151
1.22182
1.22917
1.23470
1.24038
1.24583
1.25142
1.26193
1.27125
1.27687
1.28286
1.28881
1.29472
1.30045
1.30601
1.31199
1.32092
1.32686
1.33245
1.33809
1.34366
1.35144
1.35776
1.36691
1.37249
1.37249
1.37249
1.37249
1.37249
1.37249
1.37249
1.37249
1.37249
1.37249
1.37249
1.37249
1.37249
1.37249
1.37249
1.37249
1.37249
1.37249
1.37249
1.37249
1.37249
1.37249
1.37249
1.37249
1.37249
1.37249
1.37249
1.37249
1.37249
1.37249
1.37249
1.37249
1.37249
1.37249
1.37249
1.37249
1.37249
1.37249
1.37249
1.37249
1.37249
1.37249
1.37249
1.37249
1.37249
1.37249
1.37249
1.37249
1.37249
1.37249
1.37249
1.37249
1.37249
1.37249
1.37249
1.37249
1.37249
1.37249
1.37249
1.37249
1.37249
1.37249
1.37249
1.37249
1.37249
1.37249
1.37249
1.37249
1.37249
1.37249
1.37249
1.37249
1.37249
1.37249
1.37249
1.37249
1.37249
1.37249
1.37249
1.37249
1.37249
1.37249
1.37249
1.37249
1.37249
1.37249
1.37249
1.37249
1.37249
1.37249
1.37249
1.37249
1.37249
1.37249
1.37249
1.37249
1.37249
1.37249
1.37249
1.37249
1.37249
1.37249
1.37249
1.37249
1.37249
1.37249
1.37249
1.37249
1.37249
1.37249
1.37249
1.37249
1.37249
1.37249
1.37249
1.37249
1.37249
1.37249
1.37249
1.37249
1.37249
1.37249
1.37249
1.37249
1.37249
1.37249
1.37249
1.37249
1.37249
1.37249
1.37249
1.37249
1.37249
1.37249
1.37249
1.37249
1.37249
1.37249
1.37249
1.37249
1.37249
1.37249
1.37249
1.37249
1.37249
1.37249
1.37249
1.37249
1.37249
1.37249
1.37249
1.37249
1.37249
1.37249
1.37249
1.37249
1.37249
1.37249
1.37249
1.37249
1.37249
1.37249
1.37249
1.37249
1.37249
1.37249
1.37249
1.37249
1.37249
1.37249
1.37249
1.37249
1.37249
1.37249
1.37249
1.37249
1.37249
1.37249
1.37249
1.37249
1.37249
1.37249
1.37249
1.37249
1.37249
1.37249
1.37249
1.37249
1.37249
1.37249
1.37249
1.37249
1.37249
1.37249
1.37249
1.37249
1.37249
1.37249
1.37249
1.37249
1.37249
1.37249
1.37249
1.37249
1.37249
1.37249
1.37249
1.37249
1.37249
1.37249
1.37249
1.37249
1.37249
1.37249
1.37249
1.37249
1.37249
1.37249
1.37249
1.37249
1.37249
1.37249
1.37249
1.37249
1.37249
1.37249
1.37249
1.37249
1.37249
1.37249
1.37249
1.37249
1.37249
1.37249
1.37249
1.37249
1.37249
1.37249
1.37249
1.37249
1.37249
1.37249
1.37249
1.37249
1.37249
1.37249
1.37249
1.37249
1.37249
1.37249
1.37249
1.37249
1.37249
1.37249
1.37249
1.36654
1.36072
1.35477
1.34883
1.34338
1.33737
1.32692
1.31753
1.31148
1.30563
1.30003
1.29379
1.28800
1.27995
1.26850
1.26120
1.25554
1.24982
1.24405
1.23712
1.22950
1.21699
1.20846
1.20143
1.19392
1.18800
1.18171
1.17275
1.16696
1.16161
1.15593
1.15034
1.14440
1.13839
1.13225
1.12262
1.11481
1.10713
1.10156
1.09525
1.08967
1.08132
1.07079
1.06322
1.05570
1.04997
1.04397
1.03833
1.03265
1.02231
1.01550
1.00986
1.00375
0.99758
0.99136
0.98551
0.97649
0.97021
0.96436
0.95869
0.95299
0.94763
0.94164
0.93591
0.92663
0.92077
0.91467
0.90891
0.90326
0.89762
0.89205
0.88612
0.87671
0.87064
0.86497
0.85882
0.85325
0.84763
0.84197
0.83614
0.82667
0.82069
0.81476
0.80720
0.79998
0.79395
0.78792
0.77745
0.77046
0.77046
0.77046
0.77046
0.77046
0.77046
0.77046
0.77046
0.77046
0.77046
0.77046
0.77046
0.77046
0.77046
0.77046
0.77046
0.77046
0.77046
0.77046
0.77046
0.77046
0.77046
0.77046
0.77046
0.77046
0.77046
0.77046
0.77046
0.77046
0.77046
0.77046
0.77046
0.77046
0.77046
0.77046
0.77046
0.77046
0.77046
0.77046
0.77046
0.77046
0.77046
0.77046
0.77046
0.77046
0.77046
0.77046
0.77046
0.77046
0.77046
0.77046
0.77046
0.77046
0.77046
0.77046
0.77046
0.77046
0.77046
0.77046
0.77046
0.77046
0.77046
0.77046
0.77046
0.77046
0.77046
0.77046
0.77046
0.77046
0.77046
0.77046
0.77046
0.77046
0.77046
0.77046
0.77046
0.77046
0.77046
0.77046
0.77046
0.77046
0.77046
0.77046
0.77046
0.77046
0.77046
0.77046
0.77046
0.77046
0.77046
0.77046
0.77046
0.77046
0.77046
0.77046
0.77046
0.77046
0.77046
0.77046
0.77046
0.77046
0.77046
0.77046
0.77046
0.77046
0.77046
0.77046
0.77046
0.77046
0.77046
0.77046
0.77046
0.77046
0.77046
0.77046
0.77046
0.77046
0.77046
0.77046
0.77046
0.77046
0.77046
0.77046
0.77046
0.77046
0.77046
0.77046
0.77046
0.77046
0.77046
0.77046
0.77046
0.77046
0.77046
0.77046
0.77615
0.78312
0.79214
0.79820
0.80393
0.80962
0.81552
0.82128
0.82720
0.83300
0.84254
0.84865
0.85453
0.86024
0.86623
0.87384
0.88098
0.89145
0.89897
0.90456
0.91037
0.91611
0.92186
0.92804
0.93703
0.94308
0.94917
0.95521
0.96097
0.96664
0.97217
0.97841
0.98761
0.99365
0.99924
1.00524
1.01130
1.01667
1.02265
1.02862
1.03790
1.04367
1.04972
1.05526
1.06114
1.06697
1.07280
1.07861
1.08791
1.09390
1.09954
1.10522
1.11205
1.11799
1.12379
1.13533
1.14109
1.14683
1.15289
1.15864
1.16460
1.17032
1.17991
1.18784
1.19543
1.20147
1.20704
1.21291
1.21918
1.22942
1.23639
1.24203
1.24829
1.25382
1.25989
1.26542
1.27524
1.28108
1.28688
1.29291
1.29854
1.30432
1.31021
1.31638
1.32528
1.33126
1.33697
1.34317
1.34901
1.35454
1.36058
1.36658
1.37578
1.37578
1.37578
1.37578
1.37578
1.37578
1.37578
1.37578
1.37578
1.37578
1.37578
1.37578
1.37578
1.37578
1.37578
1.37578
1.37578
1.37578
1.37578
1.37578
1.37578
1.37578
1.37578
1.37578
1.37578
1.37578
1.37578
1.37578
1.37578
1.37578
1.37578
1.37578
1.37578
1.37578
1.37578
1.37578
1.37578
1.37578
1.37578
1.37578
1.37578
1.37578
1.37578
1.37578
1.37578
1.37578
1.37578
1.37578
1.37578
1.37578
1.37578
1.37578
1.37578
1.37578
1.37578
1.37578
1.37578
1.37578
1.37578
1.37578
1.37578
1.37578
1.37578
1.37578
1.37578
1.37578
1.37578
1.37578
1.37578
1.37578
1.37578
1.37578
1.37578
1.37578
1.37578
1.37578
1.37578
1.37578
1.37578
1.37578
1.37578
1.37578
1.37578
1.37578
1.37578
1.37578
1.37578
1.37578
1.37578
1.37578
1.37578
1.37578
1.37578
1.37578
1.37578
1.37578
1.37578
1.37578
1.37578
1.37578
1.37578
1.37578
1.37578
1.37578
1.37578
1.37578
1.37578
1.37578
1.37578
1.37578
1.37578
1.37578
1.37578
1.37578
1.37578
1.37578
1.37578
1.37578
1.37578
1.37578
1.37578
1.37578
1.37578
1.37578
1.37578
1.37578
1.37578
1.37578
1.37578
1.37578
1.37578
1.37578
1.37578
1.37578
1.37578
1.37578
1.37578
1.37578
1.37578
1.37578
1.37578
1.37578
1.37578
1.37578
1.37578
1.37578
1.37578
1.37578
1.37578
1.37578
1.37578
1.37578
1.37578
1.37578
1.37578
1.37578
1.37578
1.37578
1.37578
1.37578
1.37578
1.37578
1.37578
1.37578
1.37578
1.37578
1.37578
1.37578
1.37578
1.37578
1.37578
1.37578
1.37578
1.37578
1.37578
1.37578
1.37578
1.37578
1.37578
1.37578
1.37578
1.37578
1.37578
1.37578
1.37578
1.37578
1.37578
1.37578
1.37578
1.37578
1.37578
1.37578
1.37578
1.37578
1.37578
1.37578
1.37578
1.37578
1.37578
1.37578
1.37578
1.37578
1.37578
1.37578
1.37578
1.37578
1.37578
1.37578
1.37578
1.37578
1.37578
1.37578
1.37578
1.37578
1.37578
1.37578
1.37578
1.37578
1.37578
1.37578
1.37578
1.37578
1.37578
1.37578
1.37578
1.37578
1.37578
1.37578
1.37578
1.37578
1.37578
1.37578
1.37578
1.37578
1.37578
1.37578
1.37578
1.37578
1.37578
1.37578
1.37578
1.37578
1.37578
1.37578
1.37578
1.37578
1.37578
1.37578
1.36546
1.35900
1.35276
1.34634
1.34046
1.33387
1.32756
1.31694
1.30996
1.30356
1.29478
1.28830
1.28150
1.26857
1.25984
1.25389
1.24789
1.24146
1.23477
1.22352
1.21527
1.20867
1.20264
1.19642
1.19030
1.18429
1.17410
1.16820
1.16230
1.15594
1.14897
1.14291
1.13605
1.12603
1.11948
1.11048
1.10261
1.09638
1.08593
1.07142
1.06443
1.05906
1.05326
1.04775
1.04220
1.03640
1.02746
1.02149
1.01603
1.00972
1.00245
0.99475
0.98914
0.97791
0.97051
0.96432
0.95850
0.95233
0.94605
0.93985
0.93028
0.92415
0.91827
0.91165
0.90586
0.90001
0.89389
0.88313
0.87522
0.86873
0.86311
0.85654
0.85075
0.84438
0.83483
0.82876
0.82280
0.81452
0.80686
0.80087
0.79466
0.78332
0.77612
0.77026
0.77026
0.77026
0.77026
0.77026
0.77026
0.77026
0.77026
0.77026
0.77026
0.77026
0.77026
0.77026
0.77026
0.77026
0.77026
0.77026
0.77026
0.77026
0.77026
0.77026
0.77026
0.77026
0.77026
0.77026
0.77026
0.77026
0.77026
0.77026
0.77026
0.77026
0.77026
0.77026
0.77026
0.77026
0.77026
0.77026
0.77026
0.77026
0.77026
0.77026
0.77026
0.77026
0.77026
0.77026
0.77026
0.77026
0.77026
0.77026
0.77026
0.77026
0.77026
0.77026
0.77026
0.77026
0.77026
0.77026
0.77026
0.77026
0.77026
0.77026
0.77026
0.77026
0.77026
0.77026
0.77026
0.77026
0.77026
0.77026
0.77026
0.77026
0.77026
0.77026
0.77026
0.77026
0.77026
0.77026
0.77026
0.77026
0.77026
0.77026
0.77026
0.77026
0.77026
0.77026
0.77026
0.77026
0.77026
0.77026
0.77026
0.77026
0.77026
0.77026
0.77026
0.77026
0.77026
0.77026
0.77026
0.77026
0.77026
0.77026
0.77026
0.77026
0.77026
0.77026
0.77026
0.77026
0.77026
0.77026
0.77026
0.77026
0.77026
0.77026
0.77026
0.77026
0.77026
0.77026
0.77026
0.77026
0.77026
0.77026
0.77026
0.77026
0.77026
0.77026
0.77026
0.77026
0.77026
0.77026
0.77026
0.77026
0.77026
0.77026
0.77026
0.77026
0.77026
0.77597
0.78188
0.78775
0.79348
0.79980
0.80584
0.81514
0.82079
0.82686
0.83251
0.83815
0.84407
0.84975
0.85555
0.86510
0.87306
0.88115
0.88680
0.89247
0.89839
0.90424
0.91482
0.92177
0.92795
0.93622
0.94187
0.94752
0.95388
0.96906
0.97489
0.98071
0.98649
0.99229
0.99789
1.00369
1.01319
1.01917
1.02526
1.03100
1.03696
1.04264
1.04836
1.05421
1.06335
1.06957
1.07575
1.08179
1.08748
1.09330
1.09910
1.10520
1.11432
1.12049
1.12615
1.13154
1.13738
1.14292
1.14911
1.15502
1.16467
1.17060
1.17916
1.18656
1.19261
1.19844
1.20501
1.21531
1.22243
1.22814
1.23480
1.24039
1.24626
1.25217
1.26162
1.26758
1.27334
1.27920
1.28501
1.29106
1.29681
1.30280
1.31203
1.31814
1.32605
1.33222
1.33782
1.34376
1.34961
1.35898
1.36522
1.37134
1.37134
1.37134
1.37134
1.37134
1.37134
1.37134
1.37134
1.37134
1.37134
1.37134
1.37134
1.37134
1.37134
1.37134
1.37134
1.37134
1.37134
1.37134
1.37134
1.37134
1.37134
1.37134
1.37134
1.37134
1.37134
1.37134
1.37134
1.37134
1.37134
1.37134
1.37134
1.37134
1.37134
1.37134
1.37134
1.37134
1.37134
1.37134
1.37134
1.37134
1.37134
1.37134
1.37134
1.37134
1.37134
1.37134
1.37134
1.37134
1.37134
1.37134
1.37134
1.37134
1.37134
1.37134
1.37134
1.37134
1.37134
1.37134
1.37134
1.37134
1.37134
1.37134
1.37134
1.37134
1.37134
1.37134
1.37134
1.37134
1.37134
1.37134
1.37134
1.37134
1.37134
1.37134
1.37134
1.37134
1.37134
1.37134
1.37134
1.37134
1.37134
1.37134
1.37134
1.37134
1.37134
1.37134
1.37134
1.37134
1.37134
1.37134
1.37134
1.37134
1.37134
1.37134
1.37134
1.37134
1.37134
1.37134
1.37134
1.37134
1.37134
1.37134
1.37134
1.37134
1.37134
1.37134
1.37134
1.37134
1.37134
1.37134
1.37134
1.37134
1.37134
1.37134
1.37134
1.37134
1.37134
1.37134
1.37134
1.37134
1.37134
1.37134
1.37134
1.37134
1.37134
1.37134
1.37134
1.37134
1.37134
1.37134
1.37134
1.37134
1.37134
1.37134
1.37134
1.37134
1.37134
1.37134
1.37134
1.37134
1.37134
1.37134
1.37134
1.37134
1.37134
1.37134
1.37134
1.37134
1.37134
1.37134
1.37134
1.37134
1.37134
1.37134
1.37134
1.37134
1.37134
1.37134
1.37134
1.37134
1.37134
1.37134
1.37134
1.37134
1.37134
1.37134
1.37134
1.37134
1.37134
1.37134
1.37134
1.37134
1.37134
1.37134
1.37134
1.37134
1.37134
1.37134
1.37134
1.37134
1.37134
1.37134
1.37134
1.37134
1.37134
1.37134
1.37134
1.37134
1.37134
1.37134
1.37134
1.37134
1.37134
1.37134
1.37134
1.37134
1.37134
1.37134
1.37134
1.37134
1.37134
1.37134
1.37134
1.37134
1.37134
1.37134
1.37134
1.37134
1.37134
1.37134
1.37134
1.37134
1.37134
1.37134
1.37134
1.37134
1.37134
1.37134
1.37134
1.37134
1.37134
1.37134
1.37134
1.37134
1.37134
1.37134
1.37134
1.37134
1.37134
1.37134
1.37134
1.37134
1.37134
1.37134
1.37134
1.37134
1.37134
1.37134
1.37134
1.37134
1.37134
1.37134
1.37134
1.37134
1.37134
1.37134
1.37134
1.37134
1.37134
1.37134
1.37134
1.37134
1.37134
1.37134
1.37134
1.37134
1.37134
1.37134
1.37134
1.37134
1.37134
1.37134
1.37134
1.37134
1.37134
1.37134
1.37134
1.37134
1.37134
1.37134
1.37134
1.37134
1.37134
1.37134
1.37134
1.37134
1.37134
1.37134
1.37134
1.37134
1.37134
1.37134
1.37134
1.37134
1.37134
1.37134
1.37134
1.37134
1.37134
1.37134
1.37134
1.37134
1.37134
1.37134
1.37134
1.37134
1.37134
1.37134
1.37134
1.37134
1.37134
1.37134
1.37134
1.37134
1.37134
1.37134
1.37134
1.37134
1.37134
1.37134
1.37134
1.37134
1.37134
1.37134
1.37134
1.37134
1.37134
1.37134
1.37134
1.37134
1.37134
1.37134
1.37134
1.37134
1.37134
1.37134
1.37134
1.37134
1.37134
1.37134
1.37134
1.37134
1.37134
1.37134
1.37134
1.37134
1.37134
1.37134
1.37134
1.37134
1.37134
1.37134
1.37134
1.37134
1.37134
1.37134
1.37134
1.37134
1.37134
1.37134
1.37134
1.37134
1.37134
1.37134
1.37134
1.37134
1.37134
1.37134
1.37134
1.37134
1.37134
1.37134
1.37134
1.37134
1.37134
1.37134
1.37134
1.37134
1.37134
1.37134
1.37134
1.37134
1.37134
1.37134
1.37134
1.37134
1.37134
1.37134
1.37134
1.37134
1.37134
1.37134
1.37134
1.37134
1.37134
1.37134
1.37134
1.37134
1.37134
1.37134
1.37134
1.37134
1.37134
1.37134
1.37134
1.37134
1.37134
1.37134
1.37134
1.37134
1.37134
1.37134
1.37134
1.37134
1.37134
1.37134
1.37134
1.37134
1.37134
1.37134
1.37134
1.37134
1.37134
1.37134
1.37134
1.37134
1.37134
1.37134
1.37134
1.37134
1.37134
1.37134
1.37134
1.37134
1.37134
1.37134
1.37134
1.37134
1.37134
1.37134
1.37134
1.37134
1.37134
1.37134
1.37134
1.37134
1.37134
1.37134
1.37134
1.37134
1.37134
1.37134
1.37134
1.37134
1.37134
1.37134
1.37134
1.37134
1.37134
1.37134
1.37134
1.37134
1.37134
1.37134
1.37134
1.37134
1.37134
1.37134
1.37134
1.37134
1.37134
1.37134
1.37134
1.37134
1.37134
1.37134
1.37134
1.37134
1.37134
1.37134
1.37134
1.37134
1.37134
1.37134
1.37134
1.37134
1.37134
1.37134
1.37134
1.37134
1.37134
1.37134
1.37134
1.37134
1.37134
1.37134
1.37134
1.37134
1.37134
1.37134
1.37134
1.37134
1.37134
1.37134
1.37134
1.37134
1.37134
1.37134
1.37134
1.37134
1.37134
1.37134
1.37134
1.37134
1.37134
1.37134
1.37134
1.37134
1.37134
1.37134
1.37134
1.37134
1.37134
1.37134
1.37134
1.37134
1.37134
1.37134
1.37134
1.37134
1.37134
1.37134
1.37134
1.37134
1.37134
1.37134
1.37134
1.37134
1.37134
1.37134
1.37134
1.37134
1.37134
1.37134
1.37134
1.37134
1.37134
1.37134
1.37134
1.37134
1.37134
1.37134
1.37134
1.37134
1.37134
1.37134
1.37134
1.37134
1.37134
1.37134
1.37134
1.37134
1.37134
1.37134
1.37134
1.37134
1.37134
1.37134
1.37134
1.37134
1.37134
1.37134
1.37134
1.37134
1.37134
1.37134
1.37134
1.37134
1.37134
1.37134
1.37134
1.37134
1.37134
1.37134
1.37134
1.37134
1.37134
1.37134
1.37134
1.37134
1.37134
1.37134
1.37134
1.37134
1.37134
1.37134
1.37134
1.37134
1.37134
1.37134
1.37134
1.37134
1.37134
1.37134
1.37134
1.37134
1.37134
1.37134
1.37134
1.37134
1.37134
1.37134
1.37134
1.37134
1.37134
1.37134
1.37134
1.37134
1.37134
1.37134
1.37134
1.37134
1.37134
1.37134
1.37134
1.37134
1.37134
1.37134
1.37134
1.37134
1.37134
1.37134
1.37134
1.37134
1.37134
1.37134
1.37134
1.37134
1.37134
1.37134
1.37134
1.37134
1.37134
1.37134
1.37134
1.37134
1.37134
1.37134
1.37134
1.37134
1.37134
1.37134
1.37134
1.37134
1.37134
1.37134
1.37134
1.37134
1.37134
1.37134
1.37134
1.37134
1.37134
1.37134
1.37134
1.37134
1.37134
1.37134
1.37134
1.37134
1.37134
1.37134
1.37134
1.37134
1.37134
1.37134
1.37134
1.37134
1.37134
1.37134
1.37134
1.37134
1.37134
1.37134
1.37134
1.37134
1.37134
1.37134
1.37134
1.37134
1.37134
1.37134
1.37134
1.37134
1.37134
1.37134
1.37134
1.37134
1.37134
1.37134
1.37134
1.37134
1.37134
1.37134
1.37134
1.37134
1.37134
1.37134
1.37134
1.37134
1.37134
1.37134
1.37134
1.37134
1.37134
1.37134
1.37134
1.37134
1.37134
1.37134
1.37134
1.37134
1.37134
1.37134
1.37134
1.37134
1.37134
1.37134
1.37134
1.37134
1.37134
1.37134
1.37134
1.37134
1.37134
1.37134
1.37134
1.37134
1.37134
1.37134
1.37134
1.37134
1.37134
1.37134
1.37134
1.37134
1.37134
1.37134
1.37134
1.37134
1.37134
1.37134
1.37134
1.37134
1.37134
1.37134
1.37134
1.37134
1.37134
1.37134
1.37134
1.37134
1.37134
1.37134
1.37134
1.37134
1.37134
1.37134
1.37134
1.37134
1.37134
1.37134
1.37134
1.37134
1.37134
1.37134
1.37134
1.37134
1.37134
1.37134
1.37134
1.37134
1.37134
1.37134
1.37134
1.37134
1.37134
1.37134
1.37134
1.37134
1.37134
1.37134
1.37134
1.37134
1.37134
1.37134
1.37134
1.37134
1.37134
1.37134
1.37134
1.37134
1.37134
1.37134
1.37134
1.37134
1.37134
1.37134
1.37134
1.37134
1.37134
1.37134
1.37134
1.37134
1.37134
1.37134
1.37134
1.37134
1.37134
1.37134
1.37134
1.37134
1.37134
1.37134
1.37134
1.37134
1.37134
1.37134
1.37134
1.37134
1.36546
1.35985
1.35393
1.34805
1.33861
1.33230
1.32399
1.31620
1.30851
1.30295
1.29216
1.28493
1.27923
1.27371
1.26775
1.26181
1.25575
1.24622
1.23985
1.23406
1.22821
1.22211
1.21666
1.21062
1.20176
1.19547
1.18988
1.18386
1.17810
1.17203
1.16367
1.15248
1.14471
1.13864
1.12973
1.12388
1.11805
1.10712
1.09946
1.09373
1.08827
1.07964
1.07382
1.06781
1.05868
1.05250
1.04674
1.04031
1.03454
1.02870
1.02303
1.01685
1.00759
1.00184
0.99555
0.98968
0.98337
0.97760
0.97171
0.96246
0.95553
0.94969
0.94351
0.93790
0.93188
0.92567
0.91631
0.91004
0.90424
0.89824
0.89244
0.88653
0.88077
0.87473
0.86512
0.85689
0.84875
0.84075
0.83473
0.82847
0.81797
0.81040
0.80388
0.79634
0.78863
0.78285
0.77044
0.77044
0.77044
0.77044
0.77044
0.77044
0.77044
0.77044
0.77044
0.77044
0.77044
0.77044
0.77044
0.77044
0.77044
0.77044
0.77044
0.77044
0.77044
0.77044
0.77044
0.77044
0.77044
0.77044
0.77044
0.77044
0.77044
0.77044
0.77044
0.77044
0.77044
0.77044
0.77044
0.77044
0.77044
0.77044
0.77044
0.77044
0.77044
0.77044
0.77044
0.77044
0.77044
0.77044
0.77044
0.77044
0.77044
0.77044
0.77044
0.77044
0.77044
0.77044
0.77044
0.77044
0.77044
0.77044
0.77044
0.77044
0.77044
0.77044
0.77044
0.77044
0.77044
0.77044
0.77044
0.77044
0.77044
0.77044
0.77044
0.77044
0.77044
0.77044
0.77044
0.77044
0.77044
0.77044
0.77044
0.77044
0.77044
0.77044
0.77044
0.77044
0.77044
0.77044
0.77044
0.77044
0.77044
0.77044
0.77044
0.77044
0.77044
0.77044
0.77044
0.77044
0.77044
0.77044
0.77044
0.77044
0.77044
0.77044
0.77044
0.77044
0.77044
0.77044
0.77044
0.77044
0.77044
0.77044
0.77044
0.77044
0.77044
0.77044
0.77044
0.77044
0.77044
0.77044
0.77044
0.77044
0.77044
0.77044
0.77044
0.77044
0.77044
0.77044
0.77044
0.77044
0.77044
0.77044
0.77044
0.77044
0.77044
0.77044
0.77044
0.77981
0.78583
0.79162
0.79754
0.80351
0.80939
0.81565
0.82711
0.83473
0.84078
0.84642
0.85215
0.85832
0.86429
0.87380
0.87994
0.88586
0.89158
0.89778
0.90362
0.90995
0.91969
0.92579
0.93165
0.93752
0.94330
0.94909
0.95554
0.96530
0.97126
0.97697
0.98298
0.98852
0.99438
1.00028
1.00607
1.01520
1.02114
1.02715
1.03283
1.03921
1.04523
1.05137
1.06042
1.06662
1.07256
1.07937
1.08557
1.09223
1.09835
1.11010
1.11683
1.13168
1.13806
1.14579
1.15649
1.16365
1.16987
1.17573
1.18176
1.18740
1.19356
1.20287
1.20919
1.21513
1.22119
1.22690
1.23289
1.23877
1.24833
1.25452
1.26050
1.26647
1.27213
1.27832
1.28450
1.29372
1.29953
1.30584
1.31842
1.32468
1.33084
1.34040
1.34650
1.35261
1.35837
1.36467
1.37032
1.37032
1.37032
1.37032
1.37032
1.37032
1.37032
1.37032
1.37032
1.37032
1.37032
1.37032
1.37032
1.37032
1.37032
1.37032
1.37032
1.37032
1.37032
1.37032
1.37032
1.37032
1.37032
1.37032
1.37032
1.37032
1.37032
1.37032
1.37032
1.37032
1.37032
1.37032
1.37032
1.37032
1.37032
1.37032
1.37032
1.37032
1.37032
1.37032
1.37032
1.37032
1.37032
1.37032
1.37032
1.37032
1.37032
1.37032
1.37032
1.37032
1.37032
1.37032
1.37032
1.37032
1.37032
1.37032
1.37032
1.37032
1.37032
1.37032
1.37032
1.37032
1.37032
1.37032
1.37032
1.37032
1.37032
1.37032
1.37032
1.37032
1.37032
1.37032
1.37032
1.37032
1.37032
1.37032
1.37032
1.37032
1.37032
1.37032
1.37032
1.37032
1.37032
1.37032
1.37032
1.37032
1.37032
1.37032
1.37032
1.37032
1.37032
1.37032
1.37032
1.37032
1.37032
1.37032
1.37032
1.37032
1.37032
1.37032
1.37032
1.37032
1.37032
1.37032
1.37032
1.37032
1.37032
1.37032
1.37032
1.37032
1.37032
1.37032
1.37032
1.37032
1.37032
1.37032
1.37032
1.37032
1.37032
1.37032
1.37032
1.37032
1.37032
1.37032
1.37032
1.37032
1.37032
1.37032
1.37032
1.37032
1.37032
1.37032
1.37032
1.37032
1.37032
1.37032
1.37032
1.37032
1.37032
1.37032
1.37032
1.37032
1.37032
1.37032
1.37032
1.37032
1.37032
1.37032
1.37032
1.37032
1.37032
1.37032
1.37032
1.37032
1.37032
1.37032
1.37032
1.37032
1.37032
1.37032
1.37032
1.37032
1.37032
1.37032
1.37032
1.37032
1.37032
1.37032
1.37032
1.37032
1.37032
1.37032
1.37032
1.37032
1.37032
1.37032
1.37032
1.37032
1.37032
1.37032
1.37032
1.37032
1.37032
1.37032
1.37032
1.37032
1.37032
1.37032
1.37032
1.37032
1.37032
1.37032
1.37032
1.37032
1.37032
1.37032
1.37032
1.37032
1.37032
1.37032
1.37032
1.37032
1.37032
1.37032
1.37032
1.37032
1.37032
1.37032
1.37032
1.37032
1.37032
1.37032
1.37032
1.37032
1.37032
1.37032
1.37032
1.37032
1.37032
1.37032
1.37032
1.37032
1.37032
1.37032
1.37032
1.37032
1.37032
1.37032
1.37032
1.37032
1.37032
1.37032
1.37032
1.37032
1.37032
1.37032
1.37032
1.37032
1.37032
1.36426
1.35819
1.35199
1.34128
1.33528
1.32921
1.31974
1.31025
1.30211
1.29112
1.28405
1.27567
1.26966
1.26377
1.25650
1.24719
1.24023
1.23444
1.22813
1.22124
1.21520
1.20939
1.19800
1.19190
1.18479
1.17884
1.17225
1.16588
1.15315
1.13929
1.13102
1.12520
1.11903
1.11330
1.10730
1.09735
1.09134
1.08535
1.07966
1.07361
1.06737
1.06140
1.05225
1.04584
1.03798
1.03032
1.02468
1.01823
1.01223
1.00140
0.99455
0.98834
0.98230
0.97597
0.97034
0.96436
0.95477
0.94857
0.94238
0.93629
0.93027
0.92456
0.91853
0.90700
0.90101
0.89513
0.88904
0.88338
0.87684
0.87092
0.86112
0.85304
0.84490
0.83875
0.83215
0.82603
0.81977
0.80896
0.80159
0.79540
0.78912
0.78332
0.77701
0.77109
0.77109
0.77109
0.77109
0.77109
0.77109
0.77109
0.77109
0.77109
0.77109
0.77109
0.77109
0.77109
0.77109
0.77109
0.77109
0.77109
0.77109
0.77109
0.77109
0.77109
0.77109
0.77109
0.77109
0.77109
0.77109
0.77109
0.77109
0.77109
0.77109
0.77109
0.77109
0.77109
0.77109
0.77109
0.77109
0.77109
0.77109
0.77109
0.77109
0.77109
0.77109
0.77109
0.77109
0.77109
0.77109
0.77109
0.77109
0.77109
0.77109
0.77109
0.77109
0.77109
0.77109
0.77109
0.77109
0.77109
0.77109
0.77109
0.77109
0.77109
0.77109
0.77109
0.77109
0.77109
0.77109
0.77109
0.77109
0.77109
0.77109
0.77109
0.77109
0.77109
0.77109
0.77109
0.77109
0.77109
0.77109
0.77109
0.77109
0.77109
0.77109
0.77109
0.77109
0.77109
0.77109
0.77109
0.77109
0.77109
0.77109
0.77109
0.77109
0.77109
0.77109
0.77109
0.77109
0.77109
0.77109
0.77109
0.77109
0.77109
0.77109
0.77109
0.77109
0.77109
0.77109
0.77109
0.77109
0.77109
0.77109
0.77109
0.77109
0.77109
0.77109
0.77109
0.77109
0.77109
0.77109
0.77109
0.77109
0.77109
0.77109
0.77109
0.77109
0.77109
0.77109
0.77109
0.77109
0.77109
0.77109
0.77109
0.77701
0.78627
0.79260
0.79874
0.80480
0.81054
0.81696
0.82558
0.83686
0.84398
0.85010
0.85608
0.86198
0.86789
0.87411
0.88328
0.88973
0.89787
0.90385
0.90953
0.91524
0.92141
0.93107
0.93679
0.94311
0.94896
0.95477
0.96070
0.96657
0.97583
0.98337
0.98927
0.99506
1.00117
1.00706
1.01414
1.02344
1.02949
1.03553
1.04168
1.04779
1.05370
1.05951
1.06874
1.07501
1.08100
1.08685
1.09274
1.09901
1.10491
1.11455
1.12040
1.12687
1.13511
1.14317
1.14906
1.15578
1.16994
1.17685
1.18352
1.18928
1.19575
1.20181
1.21119
1.21714
1.22374
1.22977
1.23558
1.24164
1.24777
1.25717
1.26332
1.26923
1.27766
1.28409
1.28991
1.29638
1.30552
1.31201
1.31809
1.32412
1.32989
1.33565
1.34145
1.35096
1.35772
1.36370
1.36952
1.37546
1.37546
1.37546
1.37546
1.37546
1.37546
1.37546
1.37546
1.37546
1.37546
1.37546
1.37546
1.37546
1.37546
1.37546
1.37546
1.37546
1.37546
1.37546
1.37546
1.37546
1.37546
1.37546
1.37546
1.37546
1.37546
1.37546
1.37546
1.37546
1.37546
1.37546
1.37546
1.37546
1.37546
1.37546
1.37546
1.37546
1.37546
1.37546
1.37546
1.37546
1.37546
1.37546
1.37546
1.37546
1.37546
1.37546
1.37546
1.37546
1.37546
1.37546
1.37546
1.37546
1.37546
1.37546
1.37546
1.37546
1.37546
1.37546
1.37546
1.37546
1.37546
1.37546
1.37546
1.37546
1.37546
1.37546
1.37546
1.37546
1.37546
1.37546
1.37546
1.37546
1.37546
1.37546
1.37546
1.37546
1.37546
1.37546
1.37546
1.37546
1.37546
1.37546
1.37546
1.37546
1.37546
1.37546
1.37546
1.37546
1.37546
1.37546
1.37546
1.37546
1.37546
1.37546
1.37546
1.37546
1.37546
1.37546
1.37546
1.37546
1.37546
1.37546
1.37546
1.37546
1.37546
1.37546
1.37546
1.37546
1.37546
1.37546
1.37546
1.37546
1.37546
1.37546
1.37546
1.37546
1.37546
1.37546
1.37546
1.37546
1.37546
1.37546
1.37546
1.37546
1.37546
1.37546
1.37546
1.37546
1.37546
1.37546
1.37546
1.37546
1.37546
1.37546
1.37546
1.37546
1.37546
1.37546
1.37546
1.37546
1.37546
1.37546
1.37546
1.37546
1.37546
1.37546
1.37546
1.37546
1.37546
1.37546
1.37546
1.37546
1.37546
1.37546
1.37546
1.37546
1.37546
1.37546
1.37546
1.37546
1.37546
1.37546
1.37546
1.37546
1.37546
1.37546
1.37546
1.37546
1.37546
1.37546
1.37546
1.37546
1.37546
1.37546
1.37546
1.37546
1.37546
1.37546
1.37546
1.37546
1.37546
1.37546
1.37546
1.37546
1.37546
1.37546
1.37546
1.37546
1.37546
1.37546
1.37546
1.37546
1.37546
1.37546
1.37546
1.37546
1.37546
1.37546
1.37546
1.37546
1.37546
1.37546
1.37546
1.37546
1.37546
1.37546
1.37546
1.37546
1.37546
1.37546
1.37546
1.37546
1.37546
1.37546
1.37546
1.37546
1.37546
1.37546
1.37546
1.37546
1.37546
1.37546
1.37546
1.37546
1.37546
1.37546
1.37546
1.37546
1.37546
1.37546
1.37546
1.37546
1.37546
1.37546
1.37546
1.37546
1.37546
1.37546
1.36946
1.36361
1.35745
1.35156
1.34213
1.33601
1.32795
1.32007
1.31184
1.30580
1.29537
1.28762
1.28165
1.27510
1.26926
1.26331
1.25691
1.24725
1.24131
1.23509
1.22900
1.22312
1.21675
1.21085
1.19904
1.19260
1.18651
1.18033
1.17389
1.16595
1.15849
1.14711
1.14019
1.13387
1.12804
1.12141
1.11559
1.10967
1.10009
1.09346
1.08724
1.08129
1.07535
1.06933
1.06280
1.05344
1.04673
1.04093
1.03488
1.02913
1.02268
1.01670
1.00683
1.00098
0.99456
0.98647
0.97836
0.97236
0.96609
0.95537
0.94826
0.94216
0.93602
0.93011
0.92358
0.91760
0.90833
0.90224
0.89599
0.89004
0.88408
0.87790
0.87159
0.85972
0.85168
0.84599
0.83954
0.82776
0.82164
0.80878
0.80107
0.79508
0.78898
0.78271
0.77680
0.77680
0.77680
0.77680
0.77680
0.77680
0.77680
0.77680
0.77680
0.77680
0.77680
0.77680
0.77680
0.77680
0.77680
0.77680
0.77680
0.77680
0.77680
0.77680
0.77680
0.77680
0.77680
0.77680
0.77680
0.77680
0.77680
0.77680
0.77680
0.77680
0.77680
0.77680
0.77680
0.77680
0.77680
0.77680
0.77680
0.77680
0.77680
0.77680
0.77680
0.77680
0.77680
0.77680
0.77680
0.77680
0.77680
0.77680
0.77680
0.77680
0.77680
0.77680
0.77680
0.77680
0.77680
0.77680
0.77680
0.77680
0.77680
0.77680
0.77680
0.77680
0.77680
0.77680
0.77680
0.77680
0.77680
0.77680
0.77680
0.77680
0.77680
0.77680
0.77680
0.77680
0.77680
0.77680
0.77680
0.77680
0.77680
0.77680
0.77680
0.77680
0.77680
0.77680
0.77680
0.77680
0.77680
0.77680
0.77680
0.77680
0.77680
0.77680
0.77680
0.77680
0.77680
0.77680
0.77680
0.77680
0.77680
0.77680
0.77680
0.77680
0.77680
0.77680
0.77680
0.77680
0.77680
0.77680
0.77680
0.77680
0.77680
0.77680
0.77680
0.77680
0.77680
0.77680
0.77680
0.77680
0.77680
0.77680
0.77680
0.77680
0.77680
0.77680
0.77680
0.77680
0.77680
0.77680
0.77680
0.77680
0.77680
0.78301
0.78932
0.79958
0.80545
0.81194
0.81976
0.82745
0.83337
0.83994
0.85080
0.85797
0.86444
0.87075
0.87665
0.88292
0.88895
0.89900
0.90538
0.91188
0.91797
0.92413
0.93017
0.93606
0.94537
0.95170
0.95771
0.96419
0.97013
0.97581
0.98189
0.99359
0.99969
1.00586
1.01171
1.02417
1.03074
1.04066
1.04711
1.05320
1.05922
1.06528
1.07128
1.07766
1.08678
1.09317
1.09956
1.10574
1.11172
1.11748
1.12362
1.13342
1.14153
1.14984
1.15551
1.16197
1.16803
1.17445
1.18487
1.19202
1.19808
1.20462
1.21045
1.21665
1.22260
1.23262
1.23862
1.24518
1.25111
1.25676
1.26281
1.26865
1.27831
1.28433
1.29067
1.29673
1.30290
1.30894
1.31523
1.32470
1.33099
1.33699
1.34308
1.34934
1.35529
1.36164
1.37399
1.37399
1.37399
1.37399
1.37399
1.37399
1.37399
1.37399
1.37399
1.37399
1.37399
1.37399
1.37399
1.37399
1.37399
1.37399
1.37399
1.37399
1.37399
1.37399
1.37399
1.37399
1.37399
1.37399
1.37399
1.37399
1.37399
1.37399
1.37399
1.37399
1.37399
1.37399
1.37399
1.37399
1.37399
1.37399
1.37399
1.37399
1.37399
1.37399
1.37399
1.37399
1.37399
1.37399
1.37399
1.37399
1.37399
1.37399
1.37399
1.37399
1.37399
1.37399
1.37399
1.37399
1.37399
1.37399
1.37399
1.37399
1.37399
1.37399
1.37399
1.37399
1.37399
1.37399
1.37399
1.37399
1.37399
1.37399
1.37399
1.37399
1.37399
1.37399
1.37399
1.37399
1.37399
1.37399
1.37399
1.37399
1.37399
1.37399
1.37399
1.37399
1.37399
1.37399
1.37399
1.37399
1.37399
1.37399
1.37399
1.37399
1.37399
1.37399
1.37399
1.37399
1.37399
1.37399
1.37399
1.37399
1.37399
1.37399
1.37399
1.37399
1.37399
1.37399
1.37399
1.37399
1.37399
1.37399
1.37399
1.37399
1.37399
1.37399
1.37399
1.37399
1.37399
1.37399
1.37399
1.37399
1.37399
1.37399
1.37399
1.37399
1.37399
1.37399
1.37399
1.37399
1.37399
1.37399
1.37399
1.37399
1.37399
1.37399
1.37399
1.37399
1.37399
1.37399
1.37399
1.37399
1.37399
1.37399
1.37399
1.37399
1.37399
1.37399
1.37399
1.37399
1.37399
1.37399
1.37399
1.37399
1.37399
1.37399
1.37399
1.37399
1.37399
1.37399
1.37399
1.37399
1.37399
1.37399
1.37399
1.37399
1.37399
1.37399
1.37399
1.37399
1.37399
1.37399
1.37399
1.37399
1.37399
1.37399
1.37399
1.37399
1.37399
1.37399
1.37399
1.37399
1.37399
1.37399
1.37399
1.37399
1.37399
1.37399
1.37399
1.37399
1.37399
1.37399
1.37399
1.37399
1.37399
1.37399
1.37399
1.37399
1.37399
1.37399
1.37399
1.37399
1.37399
1.37399
1.37399
1.37399
1.37399
1.37399
1.37399
1.37399
1.37399
1.37399
1.37399
1.37399
1.37399
1.37399
1.37399
1.37399
1.37399
1.37399
1.37399
1.37399
1.37399
1.37399
1.37399
1.37399
1.37399
1.37399
1.37399
1.37399
1.37399
1.37399
1.37399
1.37399
1.37399
1.37399
1.37399
1.37399
1.37399
1.37399
1.37399
1.37399
1.37399
1.36776
1.35840
1.35202
1.34602
1.34014
1.33359
1.32597
1.31825
1.30701
1.29976
1.29310
1.28705
1.28093
1.27492
1.26875
1.25895
1.25226
1.24616
1.23946
1.23324
1.22724
1.22092
1.21136
1.20487
1.19853
1.19217
1.18642
1.18011
1.17397
1.16207
1.15351
1.14735
1.14092
1.13496
1.12862
1.11589
1.10829
1.10243
1.09623
1.09007
1.08348
1.07382
1.06741
1.06147
1.05541
1.04948
1.04331
1.03718
1.02764
1.02160
1.01566
1.00958
1.00331
0.99688
0.99095
0.97864
0.97219
0.96563
0.95935
0.95303
0.94671
0.93829
0.92679
0.91981
0.91354
0.90751
0.90133
0.89535
0.88925
0.87961
0.87291
0.86476
0.85657
0.85065
0.84375
0.83287
0.82565
0.81972
0.81332
0.80731
0.80122
0.79529
0.78568
0.77979
0.77979
0.77979
0.77979
0.77979
0.77979
0.77979
0.77979
0.77979
0.77979
0.77979
0.77979
0.77979
0.77979
0.77979
0.77979
0.77979
0.77979
0.77979
0.77979
0.77979
0.77979
0.77979
0.77979
0.77979
0.77979
0.77979
0.77979
0.77979
0.77979
0.77979
0.77979
0.77979
0.77979
0.77979
0.77979
0.77979
0.77979
0.77979
0.77979
0.77979
0.77979
0.77979
0.77979
0.77979
0.77979
0.77979
0.77979
0.77979
0.77979
0.77979
0.77979
0.77979
0.77979
0.77979
0.77979
0.77979
0.77979
0.77979
0.77979
0.77979
0.77979
0.77979
0.77979
0.77979
0.77979
0.77979
0.77979
0.77979
0.77979
0.77979
0.77979
0.77979
0.77979
0.77979
0.77979
0.77979
0.77979
0.77979
0.77979
0.77979
0.77979
0.77979
0.77979
0.77979
0.77979
0.77979
0.77979
0.77979
0.77979
0.77979
0.77979
0.77979
0.77979
0.77979
0.77979
0.77979
0.77979
0.77979
0.77979
0.77979
0.77979
0.77979
0.77979
0.77979
0.77979
0.77979
0.77979
0.77979
0.77979
0.77979
0.77979
0.77979
0.77979
0.77979
0.77979
0.77979
0.77979
0.77979
0.77979
0.77979
0.77979
0.77979
0.77979
0.77979
0.77979
0.77979
0.77979
0.77979
0.77979
0.77979
0.77979
0.77979
0.77979
0.77979
0.77979
0.77979
0.77979
0.77979
0.77979
0.77979
0.77979
0.77979
0.77979
0.77979
0.77979
0.77979
0.77979
0.77979
0.77979
0.77979
0.77979
0.77979
0.77979
0.77979
0.77979
0.77979
0.77979
0.77979
0.77979
0.78603
0.79207
0.79814
0.80424
0.81067
0.82063
0.82845
0.83666
0.84249
0.85122
0.85744
0.86845
0.87645
0.88269
0.88905
0.89515
0.90167
0.90767
0.91698
0.92304
0.92913
0.93548
0.94118
0.94730
0.95364
0.96323
0.96927
0.97577
0.98173
0.98791
0.99402
1.00072
1.01011
1.01658
1.02257
1.02896
1.03526
1.04119
1.04732
1.05677
1.06279
1.06883
1.07524
1.08121
1.08763
1.09367
1.10383
1.11020
1.11713
1.12342
1.13042
1.13828
1.14630
1.15729
1.16439
1.17083
1.17667
1.18263
1.18863
1.19498
1.20494
1.21101
1.21700
1.22533
1.23128
1.23734
1.24369
1.25317
1.25912
1.26638
1.27575
1.28204
1.28797
1.29410
1.30366
1.31011
1.31618
1.32240
1.32875
1.33498
1.34136
1.35076
1.35711
1.36337
1.37007
1.37606
1.37606
1.37606
1.37606
1.37606
1.37606
1.37606
1.37606
1.37606
1.37606
1.37606
1.37606
1.37606
1.37606
1.37606
1.37606
1.37606
1.37606
1.37606
1.37606
1.37606
1.37606
1.37606
1.37606
1.37606
1.37606
1.37606
1.37606
1.37606
1.37606
1.37606
1.37606
1.37606
1.37606
1.37606
1.37606
1.37606
1.37606
1.37606
1.37606
1.37606
1.37606
1.37606
1.37606
1.37606
1.37606
1.37606
1.37606
1.37606
1.37606
1.37606
1.37606
1.37606
1.37606
1.37606
1.37606
1.37606
1.37606
1.37606
1.37606
1.37606
1.37606
1.37606
1.37606
1.37606
1.37606
1.37606
1.37606
1.37606
1.37606
1.37606
1.37606
1.37606
1.37606
1.37606
1.37606
1.37606
1.37606
1.37606
1.37606
1.37606
1.37606
1.37606
1.37606
1.37606
1.37606
1.37606
1.37606
1.37606
1.37606
1.37606
1.37606
1.37606
1.37606
1.37606
1.37606
1.37606
1.37606
1.37606
1.37606
1.37606
1.37606
1.37606
1.37606
1.37606
1.37606
1.37606
1.37606
1.37606
1.37606
1.37606
1.37606
1.37606
1.37606
1.37606
1.37606
1.37606
1.37606
1.37606
1.37606
1.37606
1.37606
1.37606
1.37606
1.37606
1.37606
1.37606
1.37606
1.37606
1.37606
1.37606
1.37606
1.37606
1.37606
1.37606
1.37606
1.37606
1.37606
1.37606
1.37606
1.37606
1.37606
1.37606
1.37606
1.37606
1.37606
1.37606
1.37606
1.37606
1.37606
1.37606
1.37606
1.37606
1.37606
1.37606
1.37606
1.37606
1.37606
1.37606
1.37606
1.37606
1.37606
1.37606
1.37606
1.37606
1.37606
1.37606
1.37606
1.37606
1.37606
1.37606
1.37606
1.37606
1.37606
1.37606
1.37606
1.37606
1.37606
1.37606
1.37606
1.37606
1.37606
1.37606
1.37606
1.37606
1.37606
1.37606
1.37606
1.37606
1.37606
1.37606
1.37606
1.37606
1.37606
1.37606
1.37606
1.37606
1.37606
1.37606
1.37606
1.37606
1.37606
1.37606
1.37606
1.37606
1.37606
1.37606
1.37606
1.37606
1.37606
1.37606
1.37606
1.37606
1.37606
1.37606
1.37606
1.37606
1.37606
1.37606
1.37606
1.37606
1.37606
1.37606
1.37606
1.37606
1.37606
1.37606
1.37606
1.37606
1.37606
1.37606
1.37606
1.37606
1.37606
1.37606
1.37606
1.37606
1.37606
1.37606
1.37606
1.37606
1.37606
1.37606
1.37606
1.37606
1.37606
1.37606
1.37606
1.37606
1.37606
1.37606
1.37606
1.37606
1.37606
1.37606
1.37606
1.37606
1.37606
1.37606
1.37606
1.37606
1.37606
1.37606
1.37606
1.37606
1.37606
1.37606
1.37606
1.37606
1.37606
1.37606
1.37606
1.37606
1.37606
1.37606
1.37606
1.37606
1.37606
1.37606
1.37606
1.37606
1.37606
1.37606
1.37606
1.37606
1.37606
1.37606
1.37606
1.37606
1.37606
1.37606
1.37606
1.37606
1.37606
1.37606
1.37606
1.37311
1.37012
1.36696
1.36405
1.36106
1.35808
1.35330
1.35012
1.34590
1.34274
1.33963
1.33660
1.33329
1.32855
1.32517
1.32212
1.31869
1.31568
1.31262
1.30924
1.30415
1.30098
1.29781
1.29464
1.29143
1.28817
1.28496
1.27971
1.27632
1.27299
1.26968
1.26630
1.26310
1.25929
1.25420
1.25058
1.24719
1.24354
1.24023
1.23661
1.23321
1.22779
1.22363
1.21930
1.21591
1.21196
1.20836
1.20462
1.19909
1.19525
1.19183
1.18805
1.18440
1.18056
1.17687
1.17086
1.16691
1.16303
1.15937
1.15561
1.15152
1.14779
1.14036
1.13592
1.13215
1.12821
1.12417
1.12024
1.11625
1.10997
1.10568
1.10167
1.09748
1.09342
1.08895
1.08473
1.07805
1.07361
1.06915
1.06490
1.06022
1.05556
1.05054
1.04377
1.03900
1.03429
1.02960
1.02458
1.01939
1.01459
1.00716
1.00233
0.99709
0.99255
0.98776
0.98307
0.97766
0.97047
0.96533
0.96048
0.95499
0.94985
0.94472
0.93958
0.93127
0.92636
0.92054
0.91512
0.90910
0.90385
0.89843
0.89018
0.88466
0.87933
0.87364
0.86811
0.86035
0.85457
0.84539
0.83939
0.83322
0.82730
0.82155
0.81570
0.80992
0.80055
0.79416
0.78806
0.78192
0.77117
0.76484
0.75539
0.74922
0.74305
0.73651
0.73064
0.72443
0.71840
0.70890
0.70271
0.69679
0.69118
0.68507
0.67987
0.67433
0.66587
0.66035
0.65494
0.64922
0.64369
0.63788
0.63236
0.62396
0.61853
0.61288
0.60770
0.60213
0.59669
0.59118
0.58244
0.57638
0.57076
0.56224
0.55572
0.54949
0.54000
